None
None
None
None
None
None
None
None
None
None
None
None
None
None
None
None
None
None
None
None
None
None
None
None
None
None
None
None
None
None
None
None
None
None
None
None
None
None
None
None
None
None
None
0.1861823201141351
0.18266043463537876
0.17230623
0.18913497
0.20702233
0.18681836
0.16280586
0.17936973
0.17236852
0.15398624
0.16874547
0.16603675
0.15459161
0.14792692
0.15228897
0.14949844
0.14931495
0.14778551
0.1460272
0.14974511
0.15394595
0.16346868
0.16499257
0.15755945
0.15772515
0.15800342
0.16445237
0.16595389
0.16636808
0.17063725
0.16065564
0.15885771
0.1724922
0.18348744
0.18945778
0.18615873
0.19596601
0.20051272
0.17834158
0.1734049
0.18033862
0.19351062
0.17901898
0.15751042
0.17521973
0.19631
0.19348811
0.16903614
0.17405423
0.20605734
0.2226907
0.22443617
0.22337868
0.22665904
0.23452532
0.23586469
0.24484224
0.24707088
0.24011512
0.24035041
0.23164309
0.23160427
0.225718
0.21259088
0.21742426
0.22176635
0.22358893
0.23216803
0.22935064
0.23091957
0.24338804
0.23841186
0.23383095
0.23696154
0.23179857
0.22735916
0.22710864
0.23016217
0.21973651
0.2113367
0.21469035
0.22047009
0.22940263
0.2416974
0.24080701
0.22960606
0.23114582
0.2271748
0.23009395
0.23726648
0.22739141
0.21657788
0.22143618
0.23687673
0.23282556
0.22869798
0.23819828
0.24342378
0.23572408
0.23056807
0.2327219
0.23454791
0.24023839
0.24211154
0.23956947
0.23768263
0.23362303
0.22702836
0.2290885
0.23115118
0.22703081
0.22832931
0.23063376
0.22958252
0.22778181
0.22744564
0.22499111
0.22271097
0.22285829
0.21898768
0.21661382
0.22396826
0.23312295
0.2279922
0.21932024
0.13509263
0.05868883
0.07230502
0.06791245
0.10694075
0.17282853
0.19934288
0.20561037
0.21158192
0.2199945
0.2196071
0.22258614
0.21794622
0.21487657
0.2188092
0.21513237
0.21643868
0.21616797
0.21137551
0.21562942
0.2107169
0.21079884
0.21812846
0.21542511
0.21572418
0.2327126
0.23959347
0.23190935
0.22487426
0.21597368
0.21712789
0.22759448
0.24040492
0.23789377
0.23684722
0.23549743
0.22408866
0.2239721
0.23022264
0.23447492
0.2363457
0.23937839
0.22944626
0.21877437
0.21820988
0.22544864
0.21220175
0.20720717
0.23027939
0.22469594
0.2109366
0.20891411
0.21588533
0.21852174
0.21913834
0.22958494
0.2420708
0.24177112
0.22796412
0.22466606
0.22556476
0.22425651
0.23291853
0.24260471
0.24138562
0.23319269
0.23066188
0.23234942
0.22989299
0.23038972
0.23063078
0.23121182
0.23588008
0.24106272
0.24686687
0.23907982
0.22792949
0.23534648
0.23913484
0.2359308
0.23817753
0.23401907
0.22064511
0.22673944
0.23583972
0.23417961
0.23070599
0.22875057
0.23293199
0.23081571
0.21895495
0.21669316
0.22139905
0.22805948
0.23262474
0.22479981
0.22175095
0.23101714
0.23839032
0.226216
0.20753194
0.12053433
0.05117592
0.08904059
0.15419904
0.19491045
0.20188835
0.21124077
0.21542663
0.22066149
0.22898236
0.23321357
0.23984451
0.23997299
0.23093506
0.22603938
0.23665458
0.24543335
0.24868158
0.25122455
0.23789777
0.2270822
0.23103041
0.24286157
0.23981297
0.23200669
0.24348291
0.2418737
0.23266228
0.23327142
0.22785028
0.21579959
0.21327944
0.21748489
0.21692426
0.22029934
0.21212258
0.20320114
0.21325808
0.21779877
0.22034169
0.22276249
0.22413917
0.23037151
0.22041527
0.2246069
0.23586326
0.22796033
0.22174452
0.21883737
0.220221
0.21400372
0.20737678
0.21594716
0.21854511
0.20503577
0.20440281
0.20635329
0.20866153
0.20232245
0.19072371
0.19627999
0.20384035
0.20174435
0.2021174
0.20647781
0.20803166
0.20318464
0.19329635
0.19803659
0.21084085
0.21013537
0.20182921
0.20386647
0.20310827
0.20712973
0.20931858
0.20784244
0.20151404
0.16847973
0.09340771
0.03538339
0.02912888
0.02406399
0.02742625
0.03423257
0.02870457
0.02402744
0.02035001
0.01223016
0.01291645
0.01844677
0.04549112
0.08833276
0.13460103
0.16041466
0.16517301
0.17848419
0.18430252
0.18822339
0.18277306
0.17836745
0.18208077
0.18135484
0.18338768
0.18977415
0.19425767
0.18174191
0.18077432
0.18789475
0.18486846
0.1840277
0.18343446
0.18884595
0.1896679
0.1908656
0.19291539
0.19092328
0.18644227
0.18883717
0.18928932
0.18444584
0.18144158
0.17949667
0.18138614
0.19032462
0.1970855
0.19726973
0.19772383
0.19051281
0.17890162
0.17089857
0.17443424
0.17824849
0.17834003
0.18117883
0.17919859
0.18105824
0.18668037
0.18669041
0.18880996
0.19070417
0.18612634
0.18201038
0.17819262
0.17894798
0.18539333
0.18315448
0.18333387
0.18347702
0.18101368
0.18681795
0.19106504
0.18885382
0.18277002
0.17857334
0.18001744
0.17959224
0.17971968
0.18654218
0.18928339
0.19100602
0.19028997
0.18669878
0.18909001
0.17978002
0.17306882
0.17495746
0.15975491
0.16215286
0.18991834
0.21083091
0.22313335
0.22998202
0.24324826
0.25263794
0.25961962
0.26652994
0.26874557
0.27253324
0.27146798
0.26108963
0.25530134
0.25745604
0.25873011
0.2596714
0.26079854
0.26575322
0.26609792
0.26569802
0.26566435
0.26602976
0.26712126
0.26532695
0.26002481
0.25695527
0.25852813
0.25926833
0.26244039
0.26231949
0.26054369
0.26279851
0.25762249
0.25269291
0.25917488
0.26004788
0.25380683
0.25325716
0.26138752
0.26980757
0.26388716
0.25653796
0.25718923
0.25388194
0.25361067
0.25427781
0.25639904
0.26571949
0.26362918
0.25520273
0.25766421
0.25888921
0.25621956
0.2520386
0.24796692
0.25308131
0.25808643
0.25670533
0.25371292
0.25919053
0.26593553
0.26837774
0.26662156
0.26937874
0.26924094
0.26104447
0.26158732
0.25754201
0.23012674
0.1828928
0.13935673
0.12264822
0.14034989
0.15849786
0.17103265
0.18822026
0.19347192
0.20315993
0.2177686
0.22669633
0.23429915
0.24037216
0.24528894
0.24479913
0.24551598
0.25076688
0.25939708
0.2624236
0.25592539
0.25047003
0.25782046
0.26877129
0.26870654
0.26279192
0.26309802
0.26442309
0.25895575
0.25557997
0.26441625
0.27265183
0.27132104
0.27144035
0.27282842
0.27676062
0.28039078
0.27903291
0.281562
0.2788965
0.27636741
0.27325308
0.26723805
0.27330114
0.27644855
0.2759836
0.27123569
0.27566316
0.28079891
0.27566073
0.27397017
0.2723878
0.27290704
0.26749519
0.26089077
0.26107774
0.26337282
0.26510312
0.26488544
0.2693843
0.27290049
0.2594433
0.25030519
0.2553329
0.25091971
0.2576469
0.26771017
0.2650717
0.2678711
0.27031958
0.27325136
0.26939278
0.26810544
0.2724337
0.26769342
0.26129955
0.26619469
0.27584022
0.27869681
0.27079698
0.26168278
0.26134961
0.26608695
0.26368539
0.25154939
0.25595231
0.26361188
0.26674599
0.26701292
0.26369717
0.26294455
0.2603751
0.26102483
0.26071103
0.26513824
0.26160694
0.25476217
0.25326988
0.25523662
0.25982613
0.24625258
0.23982007
0.2449923
0.24436846
0.24327855
0.24162524
0.2396001
0.23876758
0.23772541
0.24019192
0.24772361
0.25042871
0.24641835
0.24564901
0.25211166
0.24998911
0.24678187
0.25137756
0.24978655
0.24671142
0.25414436
0.26089651
0.25180585
0.24514188
0.25194836
0.26051361
0.26124652
0.25749463
0.25163437
0.25439768
0.25755228
0.25628288
0.25295227
0.24929033
0.25503019
0.25516975
0.24922067
0.24682909
0.24947455
0.2521465
0.25680386
0.26309421
0.26708227
0.2687816
0.26801254
0.25725728
0.25618325
0.26212539
0.2643326
0.27193529
0.27559803
0.2756825
0.27244477
0.26563183
0.25946619
0.26289115
0.26922016
0.26524727
0.26437685
0.26270918
0.26114701
0.2645877
0.26554983
0.27094294
0.27690526
0.27942042
0.27459309
0.25562995
0.24812501
0.2356149
0.19574196
0.15695392
0.11284293
0.08814808
0.08294972
0.07384585
0.06065642
0.04746073
0.04341256
0.03735985
0.03761874
0.04213421
0.05575659
0.0617092
0.05551234
0.04658622
0.03149639
0.03613278
0.04169995
0.05264639
0.08033039
0.08663308
0.10752253
0.15382818
0.18204361
0.20422549
0.22058827
0.23484363
0.24537983
0.24524602
0.23997741
0.23244749
0.23431915
0.24236845
0.2524638
0.24938761
0.23927788
0.23667133
0.2346019
0.2390872
0.23915354
0.23362976
0.23936948
0.2497619
0.25061818
0.24798729
0.24957417
0.247175
0.24322673
0.24729715
0.24955363
0.24958054
0.24928455
0.24963069
0.25166745
0.24491632
0.23629414
0.24119061
0.24973616
0.24996999
0.24815836
0.24807825
0.25281416
0.25986915
0.25182718
0.24276004
0.2396043
0.23691894
0.24158163
0.23928903
0.2414587
0.24833562
0.24623536
0.24640517
0.261483
0.26839169
0.25799878
0.25774059
0.26158824
0.26622626
0.26768445
0.26789694
0.26193884
0.2556314
0.25614673
0.25835275
0.26093859
0.25528827
0.2531623
0.24743062
0.24989146
0.25439054
0.24974761
0.24506774
0.246301
0.25288052
0.24901623
0.25408483
0.26110303
0.25378828
0.2487878
0.25326162
0.24869957
0.24136492
0.24615476
0.24148054
0.24364569
0.24784732
0.24521343
0.25135524
0.24937855
0.2441247
0.24402573
0.24917841
0.25110087
0.24764625
0.2418175
0.23864951
0.24633036
0.24895358
0.24368981
0.23114894
0.2119453
0.17221989
0.13256138
0.12334751
0.13910451
0.16371116
0.17485378
0.18201717
0.19382836
0.20214133
0.20428563
0.20937668
0.21507899
0.22855759
0.24082834
0.24060058
0.23742802
0.23530322
0.23563508
0.23790781
0.24009151
0.23989156
0.23974256
0.23926838
0.23953377
0.24616494
0.24826653
0.23954858
0.23279889
0.23703214
0.2414997
0.23950223
0.24439735
0.2424787
0.24097873
0.24487783
0.24186397
0.24479621
0.24650173
0.24600698
0.24398893
0.23713747
0.2321262
0.24425382
0.25173959
0.24639348
0.24826239
0.24617776
0.24214688
0.24244679
0.24892971
0.25114538
0.25177407
0.24898805
0.24445209
0.24491062
0.24716275
0.2497855
0.24893158
0.24833643
0.24397562
0.2420397
0.24248675
0.24248675
0.24276653
0.24034778
0.24545834
0.24738364
0.25022771
0.2498825
0.24462202
0.24718598
0.2473844
0.24088015
0.2369172
0.24571522
0.24814557
0.24528341
0.2461049
0.24714715
0.2469217
0.24491062
0.24519041
0.24495692
0.24651495
0.24439439
0.23802494
0.24764064
0.25663641
0.25590207
0.25365592
0.24778552
0.25227755
0.25163756
0.247109
0.24644759
0.24643211
0.24466246
0.24409975
0.24609466
0.24222798
0.24200271
0.24177028
0.24831213
0.25274944
0.25074938
0.25109217
0.24876836
0.2539797
0.25696714
0.24940068
0.24431982
0.24184622
0.2397295
0.24603651
0.24976368
0.25294346
0.25425952
0.2495623
0.24736322
0.24001358
0.24374399
0.25084827
0.24892301
0.24889485
0.24882581
0.2484796
0.25056639
0.25084692
0.24876013
0.24636627
0.24375158
0.24598307
0.24628943
0.24646798
0.24573951
0.24293949
0.24194829
0.20994989
0.15525904
0.14614195
0.17742095
0.19413316
0.19663011
0.21339903
0.23291912
0.23458994
0.22839037
0.23315799
0.24100345
0.23879118
0.23551653
0.23437926
0.24515397
0.25031722
0.23966566
0.2400441
0.23781048
0.23523234
0.23998768
0.2408357
0.24033896
0.23954653
0.23952094
0.24422803
0.2491151
0.23933183
0.23801483
0.24781854
0.24696152
0.24638072
0.24986316
0.25112006
0.25699562
0.25503024
0.24851433
0.24762748
0.24740764
0.24444783
0.23793294
0.23794454
0.24180317
0.24643812
0.24716585
0.24944624
0.24838039
0.23968042
0.24172846
0.2506415
0.24991901
0.24537356
0.24894167
0.24666659
0.24197735
0.24859793
0.25349988
0.25022392
0.25262699
0.25392713
0.2465943
0.24753489
0.25097665
0.24817071
0.25742547
0.26441291
0.25607681
0.25329987
0.24911423
0.25395858
0.25875358
0.25649365
0.26113602
0.26113605
0.2460707
0.24317169
0.25579687
0.26300662
0.2606337
0.25402049
0.2541176
0.25609069
0.25530661
0.25354813
0.25859694
0.26212213
0.26352485
0.25816583
0.25450668
0.25028334
0.24505922
0.24973052
0.25246705
0.24992309
0.24901177
0.25128215
0.25523133
0.25925418
0.25870391
0.25081889
0.24811453
0.24562906
0.24037043
0.25003764
0.25414686
0.25465307
0.25989815
0.25666242
0.24785421
0.24060111
0.2428715
0.24566918
0.24957493
0.25728076
0.26033025
0.255743
0.2537463
0.25143798
0.24531962
0.24479447
0.25292919
0.26236792
0.25400395
0.24474213
0.24711947
0.25112452
0.2534988
0.24929819
0.24877972
0.25126453
0.24874472
0.24797389
0.2436047
0.24622849
0.25363169
0.24921949
0.25077169
0.25727314
0.25667754
0.25427215
0.24408399
0.24113209
0.25120479
0.25517885
0.25352551
0.24858446
0.24659739
0.2577973
0.26707469
0.2676263
0.26859355
0.26123344
0.25170764
0.24692657
0.24677567
0.25660543
0.2611936
0.26173433
0.26365317
0.25825698
0.25157412
0.25439011
0.26358417
0.26511918
0.24477783
0.23296164
0.23691655
0.2470108
0.26647528
0.26424054
0.26087614
0.27022225
0.26812853
0.26320177
0.26324556
0.26477018
0.26411358
0.26459577
0.25986626
0.25131185
0.25337844
0.25997074
0.24696929
0.19102753
0.12224749
0.10767619
0.14340192
0.1678125
0.18966771
0.20777362
0.21161952
0.2250186
0.22572278
0.22114724
0.23615057
0.24367767
0.23984556
0.24242598
0.24244537
0.24718864
0.25097307
0.25397761
0.25476831
0.25606144
0.25890781
0.25462007
0.25599803
0.25802156
0.26203745
0.26452417
0.26151208
0.2599727
0.25502301
0.2450127
0.24343003
0.24272859
0.23659718
0.24202499
0.25306809
0.24909763
0.24780728
0.25223429
0.2499416
0.25594522
0.26201079
0.25881648
0.25261422
0.2509075
0.25014967
0.24872232
0.24944517
0.24852386
0.25380598
0.25687241
0.26211419
0.26577336
0.2575292
0.25490746
0.25387805
0.25179601
0.25210124
0.24463661
0.23779355
0.24715972
0.25437763
0.2547642
0.25925233
0.25659345
0.25410093
0.25211299
0.24728537
0.24369113
0.23848506
0.24576694
0.26204576
0.26526582
0.25928698
0.26121874
0.26417252
0.26572489
0.2573142
0.2512227
0.26463085
0.27346452
0.269038
0.26597693
0.26257804
0.25815908
0.26203741
0.26396229
0.26527958
0.26541328
0.26169858
0.25549052
0.2526457
0.25897517
0.26929945
0.27146
0.26613137
0.26489413
0.26571256
0.26203775
0.25514307
0.25549616
0.26095465
0.26058177
0.25677552
0.25120515
0.24717747
0.2488876
0.25164365
0.25475378
0.25863481
0.26268439
0.26834893
0.26594981
0.26406665
0.27101864
0.26722873
0.26532508
0.27263961
0.26591211
0.26021809
0.25979241
0.25542951
0.26325249
0.25928841
0.2508539
0.25268452
0.2559362
0.2618063
0.25472829
0.25879366
0.25243011
0.21829391
0.21592424
0.21585367
0.21852952
0.22336064
0.21427856
0.22153678
0.21642415
0.21387429
0.22116
0.21647918
0.21003718
0.20283773
0.20478315
0.20503087
0.1939076
0.1895013
0.19627751
0.19862952
0.19415717
0.19804463
0.19766509
0.20285732
0.21459073
0.2140842
0.20497688
0.1988797
0.19396536
0.19374966
0.19613213
0.20489407
0.20694735
0.20156123
0.20703496
0.19922956
0.20310599
0.20457237
0.18928404
0.18998694
0.19634462
0.1989007
0.20119333
0.20571714
0.21443607
0.22111716
0.20827024
0.18980993
0.18025063
0.17943667
0.18859189
0.19157201
0.18989704
0.19460637
0.19368222
0.19177162
0.19466579
0.19201928
0.1893829
0.18925649
0.19785622
0.2000962
0.19850914
0.20340649
0.19503806
0.18625899
0.19170991
0.20002311
0.20413339
0.20684264
0.20750649
0.20061716
0.19754418
0.19854721
0.19908452
0.20138193
0.20103392
0.20416979
0.20423457
0.20437819
0.20528688
0.18531254
0.11398861
0.04696367
0.0310556
0.03967116
0.05544152
0.10394946
0.139435
0.13810271
0.14972541
0.16776251
0.17249091
0.16815669
0.17252059
0.1815266
0.1793033
0.17484349
0.1797128
0.17722644
0.17829972
0.17850996
0.17463602
0.18162791
0.18904332
0.18422215
0.18155625
0.18599262
0.1901871
0.197037
0.19914826
0.19677
0.1944996
0.19616348
0.20070427
0.19854328
0.20487087
0.20337209
0.18575767
0.18593733
0.19068962
0.1938279
0.20039464
0.19358118
0.19040185
0.19211789
0.19096774
0.18970838
0.18893664
0.1878943
0.19167931
0.19847414
0.20434879
0.21076967
0.21550428
0.21739176
0.21412175
0.21465675
0.21661301
0.21222133
0.21956615
0.22308372
0.22190766
0.2242024
0.22538142
0.22272774
0.2195661
0.22181001
0.21639945
0.21695623
0.21767071
0.21365704
0.21937724
0.22508657
0.22755792
0.23520967
0.24996808
0.25887472
0.27335651
0.28112968
0.28354249
0.2896315
0.28702001
0.28822214
0.28851445
0.28928663
0.28269619
0.27839344
0.2826317
0.27678682
0.27679027
0.28367193
0.28266276
0.28327166
0.28104672
0.27946188
0.28782665
0.28942414
0.28716903
0.28908473
0.29197813
0.28653899
0.27973028
0.27557046
0.27240484
0.28392382
0.28752625
0.28558347
0.2895292
0.28857387
0.28900645
0.28527235
0.28108725
0.28820745
0.29452129
0.29557348
0.29578549
0.29371365
0.28817196
0.28516328
0.29159194
0.29750055
0.28604027
0.27808589
0.28503318
0.29065018
0.29073976
0.29336321
0.29240145
0.29652359
0.30542977
0.29585841
0.29306903
0.29915978
0.29640955
0.29512172
0.29641011
0.29041869
0.28721653
0.29058451
0.29772608
0.294875
0.28422315
0.29211743
0.29794163
0.29350852
0.29027
0.28376281
0.28427714
0.29423433
0.29115299
0.29107098
0.2964879
0.29174613
0.28697415
0.24370477
0.13808298
0.08142411
0.12522729
0.17398266
0.19938677
0.22764737
0.24806348
0.26187488
0.27216579
0.27581513
0.27575633
0.27767647
0.27846933
0.28176156
0.29222207
0.28346267
0.27690323
0.2766477
0.26938163
0.26993092
0.26645272
0.27220576
0.27774142
0.28205593
0.28451278
0.27388014
0.27059241
0.26947308
0.27619932
0.26829875
0.26250733
0.2754977
0.27557512
0.27429431
0.2771381
0.28139565
0.28129577
0.27747237
0.27684762
0.27571211
0.27143939
0.2687491
0.27019914
0.26951267
0.26257458
0.25894477
0.26012923
0.26393189
0.26870639
0.26794802
0.27078881
0.27017342
0.26538068
0.26059992
0.26508714
0.27170159
0.27700135
0.28225072
0.27614895
0.2765761
0.28394522
0.28660633
0.28031022
0.27566652
0.27567239
0.27094894
0.2655737
0.26864499
0.28081842
0.28412023
0.28127597
0.28647501
0.29370693
0.28065715
0.26824806
0.27577423
0.27494974
0.26959374
0.28113826
0.28973864
0.28064626
0.27110399
0.26522313
0.27034094
0.27448444
0.27647723
0.27608913
0.2770528
0.27813859
0.27514421
0.27989605
0.27722777
0.27718901
0.28326761
0.27999293
0.27631483
0.2745176
0.27085236
0.27323228
0.27509154
0.27096957
0.27151524
0.27295108
0.27565108
0.27006593
0.26895807
0.27820939
0.27881186
0.27639678
0.27488113
0.27682406
0.28511339
0.28483349
0.27816918
0.28284377
0.28685531
0.28760235
0.28977136
0.28423727
0.2780103
0.28031417
0.28253369
0.28096151
0.28961261
0.29567227
0.28618523
0.28329496
0.28425214
0.28610735
0.28625601
0.24127287
0.16696944
0.13948021
0.17371206
0.22152152
0.24955838
0.26227776
0.27432659
0.27885688
0.28190718
0.28676451
0.28470324
0.28171183
0.28035504
0.28425637
0.28435123
0.28169434
0.27994564
0.28236435
0.28525655
0.28578205
0.28007762
0.27390173
0.27766476
0.28227245
0.28030757
0.27713257
0.28183647
0.28497006
0.27863684
0.2789743
0.28117248
0.27876454
0.27960017
0.27857166
0.27496719
0.27244598
0.27924568
0.28843872
0.2848673
0.28039672
0.28245888
0.28049235
0.27518809
0.28007431
0.28253071
0.28012727
0.28232106
0.2751219
0.2753602
0.28047319
0.27165403
0.27333879
0.28751165
0.29531386
0.29060571
0.28134075
0.28252004
0.28395881
0.28584075
0.2869982
0.28314175
0.28146008
0.27934144
0.27694079
0.2799509
0.28374876
0.27949892
0.2747929
0.27606641
0.27852946
0.27660912
0.28141131
0.28317933
0.27942394
0.28157935
0.28190389
0.28052051
0.28076494
0.28014522
0.27768765
0.27939618
0.27869164
0.28037619
0.2837179
0.27959044
0.27616479
0.27661156
0.27771699
0.28091068
0.28009267
0.28260227
0.28455598
0.27960364
0.27744707
0.27634542
0.27502813
0.28363968
0.28593699
0.27466711
0.27927485
0.28985996
0.28377829
0.28213484
0.27867384
0.27827641
0.29267508
0.28569466
0.27927756
0.27738672
0.27429075
0.2865407
0.29875512
0.30167976
0.30315653
0.29597757
0.29310498
0.29743864
0.29439774
0.29768574
0.30329944
0.30313727
0.29840534
0.29638482
0.29086768
0.2880988
0.28595176
0.28848179
0.3024434
0.30118802
0.29551205
0.29312004
0.29279101
0.29792974
0.28857718
0.28343579
0.284049
0.2731193
0.26785515
0.27446403
0.28704226
0.28731195
0.28276626
0.28147205
0.28398876
0.28800142
0.28711607
0.28446166
0.27541833
0.2326125
0.14906514
0.11171151
0.15522264
0.19705718
0.21886469
0.24319
0.26004209
0.25963005
0.25979117
0.26909328
0.27452999
0.27458882
0.26949063
0.26491122
0.25898124
0.26861734
0.27813124
0.27590391
0.27959143
0.28393491
0.28576161
0.28888596
0.28493199
0.27738593
0.27520772
0.27849909
0.28283145
0.28949542
0.28528475
0.28160451
0.28513039
0.28470936
0.28718719
0.29439796
0.294702
0.28477919
0.28681093
0.29821825
0.30300678
0.29488031
0.29508647
0.29754546
0.28863899
0.28490161
0.29323708
0.29022701
0.27829301
0.27802148
0.28187739
0.28232884
0.2827138
0.28462769
0.28728987
0.28252001
0.27685409
0.27544042
0.27535446
0.28377855
0.28250093
0.27321921
0.27526007
0.2720456
0.26954957
0.26799456
0.27035066
0.27427841
0.27294263
0.26904624
0.2654467
0.27282566
0.27831977
0.2819895
0.27143528
0.25968382
0.26355469
0.26572074
0.26714909
0.26848463
0.26422192
0.2576677
0.26065002
0.26803511
0.26707996
0.26908545
0.27910559
0.28514498
0.28170368
0.28038162
0.28241266
0.28292522
0.28218189
0.28283319
0.27822753
0.27122519
0.27079517
0.27955672
0.28296579
0.27865688
0.27594965
0.26922579
0.27417962
0.28013537
0.27234741
0.26750083
0.26411403
0.26362287
0.27592898
0.27991301
0.27283599
0.26786113
0.27212187
0.28175295
0.28685499
0.2859201
0.27887866
0.27630442
0.27710481
0.27833393
0.28491937
0.29074593
0.28679857
0.27916988
0.27542032
0.2785116
0.28580314
0.28662711
0.29009789
0.28762033
0.28191114
0.28279214
0.27945051
0.27883823
0.28118001
0.28348908
0.28185902
0.27844222
0.27936376
0.28227974
0.28730339
0.28879523
0.28436037
0.28346986
0.28248286
0.27932162
0.28449453
0.28553501
0.282285
0.28688671
0.29417
0.29082875
0.28302808
0.28594008
0.28717767
0.2821611
0.28152556
0.2867625
0.27897334
0.2708055
0.27699897
0.27250572
0.27657212
0.2870612
0.29282494
0.29785617
0.29240863
0.29322979
0.29311687
0.29673724
0.29643315
0.28912645
0.29139488
0.29232951
0.28519408
0.27675049
0.27972248
0.28717334
0.29391778
0.29726549
0.29295816
0.29174775
0.29578048
0.29318316
0.29003912
0.29571897
0.29339286
0.29608197
0.29483415
0.28580183
0.28742115
0.28623344
0.29093451
0.29270957
0.28858929
0.28660842
0.28583513
0.28909574
0.28354872
0.28154201
0.27920238
0.27159331
0.27522968
0.27215316
0.26508285
0.26823236
0.27310546
0.27678515
0.27888493
0.27690347
0.27147703
0.26846397
0.2712667
0.27202261
0.27392528
0.27844517
0.2729169
0.27099529
0.27960109
0.28269201
0.28340807
0.28850767
0.29559153
0.29765096
0.2913732
0.28630843
0.2841834
0.28121983
0.27903738
0.28640764
0.29263249
0.28636737
0.28191251
0.28586891
0.29479286
0.28411618
0.26763247
0.26517289
0.26837647
0.26697443
0.26469196
0.27176398
0.27767112
0.27575853
0.27246859
0.27281307
0.27248709
0.27107677
0.26827759
0.26632027
0.2685029
0.27512656
0.27497144
0.27152415
0.27166019
0.27369031
0.27417253
0.27674145
0.2832316
0.2837697
0.28086167
0.28013079
0.28408033
0.28399956
0.28063619
0.28001647
0.27801198
0.27453674
0.2739165
0.27300599
0.27566397
0.28245019
0.28254163
0.28887566
0.28724273
0.27833614
0.28121995
0.28125153
0.28464735
0.28664756
0.28313376
0.28017953
0.28227489
0.28071574
0.27983715
0.28911479
0.28598126
0.27497155
0.27289331
0.27771314
0.28042208
0.28321626
0.2897455
0.2914586
0.28730322
0.28568554
0.28970093
0.28868723
0.28001996
0.27829055
0.27872872
0.2834989
0.28323975
0.27742551
0.27859137
0.2786128
0.28357226
0.28956017
0.28755816
0.28592108
0.29366185
0.29549981
0.29139893
0.2895113
0.28408435
0.2479301
0.16901457
0.11652298
0.13154418
0.16588957
0.19756908
0.22227503
0.2414444
0.25776356
0.26545082
0.26629552
0.26614402
0.26413506
0.27114252
0.28140966
0.28173541
0.28189965
0.27914113
0.27866709
0.27177493
0.26735508
0.2744516
0.27894675
0.27639684
0.27978032
0.27945335
0.27451248
0.27675308
0.28509248
0.28935342
0.29138706
0.29405581
0.29380227
0.29081774
0.28950235
0.28830705
0.2825726
0.28588173
0.27159875
0.24618187
0.25108903
0.26602451
0.26771352
0.26354382
0.2579221
0.26590157
0.27945709
0.27766311
0.27030384
0.27084325
0.26746583
0.26474332
0.27228632
0.28001502
0.2851709
0.28160995
0.28281146
0.28931433
0.28545183
0.27409885
0.27344765
0.27167063
0.2569121
0.26299666
0.27349051
0.27203902
0.26011103
0.24896198
0.25050308
0.25193468
0.26013395
0.25861
0.25908448
0.26661292
0.26396573
0.25737327
0.24923702
0.24610202
0.24704529
0.25582605
0.25368089
0.25819237
0.27173939
0.26586148
0.26977553
0.28655867
0.29565896
0.28290639
0.28125243
0.29189803
0.29113047
0.28835812
0.28469126
0.27782613
0.2696575
0.27509
0.27784187
0.27495962
0.27837596
0.27427786
0.26898821
0.27694465
0.28126334
0.27917104
0.279594
0.28129258
0.29055022
0.29390418
0.28365988
0.28347863
0.28228888
0.28039677
0.27969033
0.28152798
0.28574721
0.27129286
0.27232214
0.28685728
0.28109482
0.27404588
0.28223753
0.28192276
0.28156988
0.30600749
0.30818672
0.28858638
0.29078794
0.29583739
0.29731722
0.30193239
0.2981082
0.3006709
0.31372689
0.32053158
0.31160416
0.30818481
0.31575951
0.30977177
0.29990576
0.29066752
0.29406326
0.31037426
0.31476182
0.30394985
0.29643781
0.29869791
0.30532136
0.30565276
0.30934433
0.30209793
0.28832707
0.29450371
0.30326714
0.29964648
0.30068838
0.30089039
0.29572316
0.29155166
0.28190041
0.27989263
0.27919079
0.26962572
0.26369621
0.27114752
0.26904158
0.26365161
0.26611373
0.26128844
0.25752962
0.26764693
0.27437257
0.27284624
0.26353758
0.25364521
0.2626404
0.26709623
0.26462725
0.26632482
0.26745262
0.26857829
0.26528879
0.2647171
0.26953012
0.26905921
0.26710822
0.26215162
0.26098073
0.26274394
0.27072685
0.27025529
0.24903138
0.23717484
0.2378025
0.24534071
0.25051662
0.24535435
0.23045997
0.22254847
0.22492981
0.23566771
0.24602514
0.24503464
0.24254119
0.24199786
0.24591675
0.24870329
0.24861568
0.24552384
0.25069686
0.25771399
0.26441809
0.27105935
0.26978368
0.27772168
0.28485687
0.29411261
0.30590974
0.30798918
0.30753567
0.305054
0.30430901
0.31725733
0.31723179
0.30706679
0.31551551
0.31843702
0.31291278
0.30330013
0.29955979
0.30149078
0.30282527
0.30398583
0.30280591
0.30555557
0.29785969
0.30361969
0.30408485
0.30155836
0.30963918
0.30241698
0.30107392
0.31410423
0.31937102
0.30290187
0.29668147
0.29834552
0.2950877
0.30309462
0.30048367
0.29779166
0.30212466
0.29815875
0.29853964
0.30448754
0.30225045
0.29791706
0.30326826
0.30668089
0.30611153
0.31238697
0.31350543
0.30800149
0.30092968
0.30460804
0.30829419
0.30811656
0.30995298
0.29886767
0.30276009
0.30705527
0.3027852
0.30002019
0.30564542
0.2847129
0.19146919
0.10506742
0.0691432
0.05264572
0.05154466
0.05741447
0.06938262
0.11201476
0.16595419
0.20550781
0.23594667
0.25308726
0.26893267
0.28226919
0.27917195
0.27574425
0.28437555
0.28382115
0.28841678
0.29250715
0.28379715
0.2748158
0.27034798
0.27299125
0.26906771
0.27318091
0.28036287
0.28099281
0.27534046
0.27080414
0.2671842
0.26528812
0.27651374
0.28343572
0.27268741
0.27257376
0.27895991
0.27728773
0.28092265
0.28074184
0.28079986
0.27900982
0.27856917
0.2892688
0.29362465
0.28392072
0.28044922
0.286106
0.28655634
0.28041219
0.27331662
0.26945487
0.2663202
0.26263082
0.26134156
0.26427656
0.27076212
0.27546684
0.27268175
0.26510066
0.26269929
0.26482661
0.26347905
0.26076282
0.26345021
0.26887887
0.24959194
0.22305712
0.20636452
0.17516876
0.13431958
0.11223239
0.13095521
0.16970524
0.19868858
0.21557417
0.22769501
0.24311141
0.25169858
0.25070867
0.26181113
0.26692642
0.26396502
0.262689
0.26256733
0.26301012
0.26582368
0.26233914
0.25787501
0.26116025
0.25952343
0.25941015
0.2548528
0.2595014
0.2622171
0.25963722
0.26426283
0.25985366
0.25982833
0.26304166
0.26495063
0.26303723
0.25402032
0.25368615
0.25604014
0.25805123
0.26381264
0.26248137
0.25571885
0.26121328
0.27521295
0.27356694
0.26669256
0.26618002
0.26808338
0.26845577
0.26484858
0.26686103
0.27027843
0.26514747
0.25824368
0.25505497
0.25767302
0.2678646
0.27405206
0.27294141
0.27118962
0.26902279
0.27545006
0.29063374
0.29316148
0.28483436
0.2817393
0.27414455
0.26819976
0.27528395
0.28325097
0.2818837
0.27993559
0.27968273
0.27558411
0.27608573
0.27907893
0.27627288
0.28201493
0.29046548
0.28738173
0.28991257
0.29034772
0.29011965
0.29567626
0.29130557
0.28185601
0.28653065
0.28816314
0.28563343
0.28383421
0.28022697
0.28601507
0.29033407
0.295725
0.28521111
0.25766104
0.22049246
0.18258159
0.17235567
0.15724177
0.13765192
0.15492691
0.18428923
0.19933058
0.21916995
0.24458009
0.26527063
0.27539407
0.2809392
0.27978566
0.27383803
0.27300164
0.27991138
0.28739526
0.28179041
0.27177397
0.27350383
0.28039423
0.28592314
0.28807456
0.28381417
0.28328404
0.28674981
0.29037363
0.29607884
0.30436209
0.29982933
0.29296516
0.29400307
0.29307761
0.29319706
0.29190217
0.28659635
0.28797173
0.29028766
0.29763992
0.30283825
0.29714632
0.29392422
0.29342019
0.29961615
0.29957041
0.29535524
0.29181539
0.28816089
0.29408001
0.29634328
0.28755385
0.27671745
0.27837018
0.2898214
0.28952232
0.28820678
0.29307329
0.28731456
0.2812207
0.28346796
0.28808687
0.28966817
0.29472674
0.29194397
0.28269765
0.28901434
0.29348136
0.28427807
0.27840571
0.27643269
0.27739587
0.28150942
0.28101328
0.27108671
0.27065743
0.27867539
0.27712308
0.27270297
0.27711833
0.28023577
0.27385192
0.27919157
0.28386355
0.27382676
0.26651531
0.27579521
0.2780416
0.27015296
0.27338546
0.27727499
0.27373457
0.27106829
0.26666116
0.26765845
0.27463564
0.27324354
0.28036878
0.28297256
0.27747863
0.27720042
0.27557308
0.27272754
0.27305162
0.27847924
0.27126204
0.27158952
0.27917936
0.27148659
0.26662806
0.2669639
0.26493417
0.27451127
0.27615624
0.27118338
0.27235655
0.26363372
0.26252503
0.2690766
0.27324068
0.2718674
0.19287369
0.08054891
0.09250249
0.15632706
0.18023931
0.20419429
0.23987642
0.26947235
0.27179235
0.27165436
0.28153693
0.27944996
0.27753033
0.26967294
0.26408199
0.27212672
0.28151485
0.28535039
0.28341831
0.2728098
0.26182721
0.26440423
0.26852831
0.2689879
0.26961166
0.27404952
0.2765721
0.27288238
0.27457953
0.27456571
0.27451001
0.28347316
0.28110064
0.28101603
0.28422576
0.27779977
0.27630415
0.27412055
0.26700989
0.2684389
0.28205376
0.28717391
0.27733537
0.27627872
0.28246296
0.28445178
0.2842157
0.28332061
0.28094623
0.28344788
0.28364753
0.28331341
0.28702603
0.28638794
0.28431066
0.27785449
0.27797704
0.2826693
0.28682043
0.28625385
0.28296663
0.28533693
0.28168102
0.27949325
0.28766294
0.28588252
0.28522197
0.28749533
0.28016987
0.27807745
0.27448634
0.27634546
0.27989219
0.28200097
0.28419824
0.28314461
0.28201344
0.27320105
0.27064517
0.28139396
0.28286603
0.2827005
0.28085438
0.2785834
0.2809576
0.27858822
0.28178932
0.28358884
0.28025696
0.27908359
0.27964888
0.28355574
0.28886147
0.28899366
0.28544187
0.28210842
0.28308004
0.28398875
0.27679937
0.27041584
0.27120508
0.27418513
0.2766346
0.27750544
0.27631906
0.27500317
0.27092406
0.27706932
0.27710102
0.26692803
0.27767998
0.28580614
0.28042993
0.27157576
0.26540107
0.27282581
0.27612056
0.27256532
0.27882551
0.28228099
0.27566551
0.27905033
0.28321567
0.27670889
0.27218025
0.27186846
0.27558284
0.27938638
0.27968209
0.28104721
0.28592249
0.28720837
0.28310046
0.28309606
0.27769092
0.27207063
0.27225769
0.26642654
0.26998176
0.27187825
0.2664073
0.26913748
0.27605096
0.28587349
0.28030387
0.26283559
0.26106299
0.26797558
0.27083041
0.27560234
0.28021939
0.27578111
0.26907614
0.26912636
0.27454136
0.27371338
0.26968888
0.27041214
0.26868347
0.2640259
0.26608545
0.26768506
0.26767701
0.26999608
0.26750947
0.26574455
0.2719769
0.27764879
0.27815595
0.27409047
0.26846621
0.26841607
0.27124949
0.27360967
0.27732392
0.27734472
0.27268746
0.27073075
0.28165516
0.28786132
0.27435923
0.27191498
0.27664126
0.27294496
0.27571102
0.27868844
0.27809722
0.27663911
0.2740614
0.27253749
0.27105885
0.27069435
0.27713805
0.28166759
0.27918738
0.27983489
0.27949322
0.27469215
0.27806968
0.28701949
0.28693861
0.28771941
0.29319638
0.29157757
0.29050536
0.29563415
0.28805543
0.28088961
0.28636274
0.28860698
0.28031298
0.27795556
0.28458895
0.27572245
0.27039001
0.27072004
0.26721087
0.2712581
0.27479192
0.27108934
0.26790017
0.27380016
0.27351012
0.27284282
0.2748148
0.2723209
0.27483074
0.27501874
0.27719734
0.28496322
0.28269742
0.28048582
0.28393427
0.28117644
0.2778614
0.2731568
0.27489357
0.27819191
0.27798726
0.27965086
0.27538015
0.28025413
0.28487751
0.28419838
0.28204311
0.2773397
0.27824623
0.28038803
0.28342752
0.28145629
0.28271368
0.29213857
0.28887565
0.2695789
0.25203638
0.24699736
0.24896212
0.25226095
0.2541195
0.2575403
0.2629161
0.26937045
0.27868097
0.27718482
0.27437301
0.2818969
0.28255778
0.2787451
0.27938909
0.27799675
0.28201023
0.27939959
0.26774203
0.26492419
0.26492419
0.27388149
0.28275367
0.28782907
0.2826294
0.27469246
0.28148991
0.28888122
0.28988899
0.28551663
0.28254515
0.28290893
0.27956934
0.28497583
0.29258853
0.29880996
0.30158373
0.29096507
0.28368113
0.28426481
0.28767305
0.28849838
0.2865846
0.28624883
0.27973996
0.27353906
0.27794506
0.28037026
0.27630957
0.27430734
0.27812806
0.27898096
0.27815954
0.27728955
0.27438319
0.27463264
0.27905246
0.28114599
0.28357333
0.28214121
0.2770517
0.27143225
0.27175284
0.27823739
0.27972451
0.27469185
0.27579019
0.27869966
0.27315736
0.27584555
0.27679188
0.27762416
0.28232789
0.2834016
0.28412525
0.28653131
0.2852759
0.28214536
0.27876685
0.27290989
0.27168754
0.27588106
0.28068181
0.27940631
0.27599544
0.27725218
0.27962926
0.27615242
0.26950888
0.26866786
0.27741687
0.28577172
0.27879517
0.27269367
0.27381174
0.27172461
0.27563994
0.27384074
0.27351302
0.28326394
0.28423508
0.28251597
0.28419859
0.28223844
0.28143446
0.27897804
0.27767654
0.27963197
0.28070162
0.26662657
0.2624516
0.27101219
0.26865838
0.27128637
0.26424099
0.26463245
0.27245355
0.27024869
0.26895301
0.26858468
0.26700111
0.2664511
0.2706668
0.27056915
0.27014453
0.27468517
0.27478245
0.27035015
0.27027978
0.27033687
0.26860224
0.26973686
0.27480072
0.27622493
0.27665009
0.276933
0.27574182
0.28284542
0.28103739
0.27820087
0.27647935
0.2729564
0.27364903
0.27196168
0.27083354
0.2738203
0.27728564
0.28343879
0.28600654
0.27502932
0.27322955
0.28121991
0.28124996
0.27845196
0.27772132
0.27780412
0.27624115
0.27815659
0.28088705
0.2819347
0.28694548
0.28449116
0.27683326
0.27187503
0.26996188
0.27297098
0.27555566
0.27251044
0.27146096
0.27060075
0.27119817
0.27757944
0.2832223
0.28534546
0.26251158
0.20304656
0.17881698
0.20250292
0.21951134
0.22735285
0.24204508
0.2614439
0.27008549
0.26712804
0.26593708
0.26521258
0.26717918
0.27179042
0.26979759
0.27194405
0.2741556
0.27207789
0.27657919
0.27851615
0.27172983
0.27153782
0.28079582
0.27980581
0.27676847
0.28190307
0.27774185
0.27360772
0.27341177
0.28020282
0.28641714
0.28772767
0.28866012
0.28062593
0.26931977
0.26708276
0.27182029
0.27436578
0.27193891
0.27408538
0.2767021
0.27188164
0.26908477
0.27114572
0.26882776
0.26630344
0.26394498
0.26454727
0.26495747
0.26299679
0.265349
0.26058772
0.2607983
0.26272432
0.26176914
0.26425218
0.26393432
0.26876125
0.27949175
0.28084756
0.27612323
0.27299028
0.27116872
0.27442572
0.27331378
0.27206584
0.27075205
0.26870998
0.27321563
0.27550623
0.27544696
0.27744386
0.27923466
0.27944077
0.27998464
0.2752222
0.26802044
0.27041977
0.27021348
0.26822919
0.26821083
0.26682577
0.26204796
0.25797294
0.26427648
0.27527196
0.27514388
0.26649029
0.26974445
0.26807403
0.26551392
0.26862483
0.27457392
0.2801114
0.27435574
0.27469819
0.27261277
0.26627014
0.27159468
0.28051443
0.27937519
0.28458392
0.29551996
0.28404332
0.27301496
0.28077145
0.28238892
0.27307247
0.27650936
0.28317971
0.27954062
0.27738144
0.27887623
0.27017214
0.26107491
0.26992499
0.28223908
0.27880758
0.27217148
0.27173598
0.26963227
0.27633125
0.2866759
0.28622347
0.2817886
0.28171438
0.27912647
0.27308218
0.2732586
0.27666823
0.27498963
0.27366829
0.27619065
0.27343035
0.26962732
0.27649312
0.27883942
0.27301553
0.27266676
0.26850619
0.26357364
0.26846137
0.27070135
0.26688768
0.26887841
0.27483909
0.28147425
0.28280782
0.27557652
0.27660755
0.27831846
0.28792164
0.29954098
0.28914764
0.28223958
0.28558238
0.29009966
0.29450438
0.29660262
0.29304897
0.28429243
0.27620608
0.28066655
0.28928367
0.28304246
0.27726096
0.27904303
0.27803159
0.27871324
0.28803537
0.2467688
0.20203034
0.22176145
0.24065224
0.24114071
0.2495252
0.26372083
0.26702924
0.26054456
0.26570526
0.2743983
0.26911746
0.27054535
0.27474521
0.2711939
0.2677164
0.26891787
0.272933
0.27607633
0.27356481
0.27084665
0.27380678
0.27128586
0.27134846
0.27058363
0.26624339
0.26770665
0.26746497
0.2669211
0.26797479
0.2638227
0.26342924
0.27228895
0.27044644
0.26788426
0.26963836
0.26777388
0.26645108
0.27345333
0.27886825
0.27812012
0.2735568
0.26827598
0.27133087
0.2667741
0.26490206
0.27347548
0.27123339
0.26276399
0.26695505
0.27296623
0.28061353
0.29097417
0.2833587
0.27141569
0.26820288
0.26612664
0.27136694
0.28330394
0.28723443
0.27864183
0.27015745
0.26958516
0.27253184
0.27539565
0.2727967
0.27284508
0.27502376
0.27319791
0.26961816
0.26963657
0.27214144
0.27212304
0.27502474
0.27780203
0.27465991
0.27522542
0.27317008
0.26748963
0.27027742
0.27258067
0.27205424
0.2716468
0.26991705
0.26720151
0.27106224
0.27442366
0.27235697
0.27931262
0.27548147
0.26718359
0.27204009
0.27908304
0.27624403
0.27629269
0.28309257
0.27916904
0.27520818
0.27665144
0.28364278
0.28297419
0.27683246
0.27884611
0.27440199
0.27459987
0.28169049
0.27636906
0.27355682
0.27266055
0.27721028
0.28351043
0.28338084
0.27588446
0.27047778
0.27186184
0.27592749
0.27631073
0.27371462
0.29110924
0.30428903
0.30148507
0.29147778
0.28173158
0.28577739
0.28480589
0.28611904
0.28919608
0.28700234
0.28129293
0.2779574
0.28795216
0.29421387
0.29317012
0.29077346
0.28930511
0.28572905
0.28176277
0.28660508
0.29324409
0.29188687
0.29245291
0.28368951
0.27753004
0.27641965
0.27776408
0.28581177
0.2894593
0.29750836
0.29966887
0.29364942
0.28641099
0.28000856
0.28268484
0.28183201
0.27096441
0.26788205
0.26992506
0.27332941
0.276016
0.27323518
0.27167247
0.27103908
0.27044346
0.26835457
0.2640273
0.26629911
0.2697674
0.2720518
0.28069018
0.28490769
0.28507265
0.2906971
0.28222245
0.27649648
0.28654772
0.29547427
0.29292034
0.28644967
0.29058521
0.28732325
0.28910805
0.28798272
0.27806679
0.27883018
0.28717941
0.28556056
0.27910298
0.28024654
0.26398012
0.25828686
0.27241695
0.26907227
0.26864768
0.27752657
0.27676325
0.27658277
0.2824967
0.28323586
0.27604859
0.278411
0.28205884
0.27802032
0.28099059
0.28817287
0.29228392
0.29011845
0.28970431
0.28702546
0.28869257
0.29761511
0.28997957
0.2821023
0.28427024
0.28712145
0.28712145
0.28369149
0.28037753
0.28919602
0.29613821
0.29138549
0.29291601
0.28853454
0.28886879
0.30226401
0.30239511
0.29348207
0.30171123
0.30122851
0.2455279
0.13158208
0.05596586
0.05060342
0.06262838
0.12928898
0.20729283
0.24619318
0.27009632
0.28320603
0.2851545
0.2755855
0.2770257
0.29032002
0.29107878
0.28928682
0.29416777
0.29149186
0.28733271
0.28521593
0.27684583
0.27905746
0.28446941
0.2820525
0.28533654
0.28786054
0.29058723
0.29101086
0.29023775
0.29385334
0.29698974
0.28807774
0.27598246
0.27782929
0.28215965
0.28075428
0.27698273
0.2741125
0.28004265
0.28443978
0.27683859
0.27156226
0.26888562
0.267222
0.26925934
0.27440659
0.27840943
0.27899252
0.27520645
0.27234949
0.272301
0.27104924
0.28485338
0.28811169
0.28146275
0.28560912
0.28455139
0.28743255
0.28277602
0.26776887
0.2742016
0.28301967
0.27942514
0.27654491
0.27503601
0.2847596
0.28817524
0.27451735
0.26628106
0.26617727
0.27266382
0.27829887
0.2776259
0.23897264
0.14155249
0.07967729
0.11416307
0.16615904
0.20459596
0.25094976
0.27213053
0.27083247
0.27276826
0.27383632
0.26980555
0.26590213
0.26532046
0.27180583
0.27772826
0.28162956
0.28188237
0.2753624
0.27912902
0.28589992
0.27923572
0.28130522
0.29139513
0.28590375
0.27812639
0.28156635
0.28336439
0.28308824
0.28456829
0.28288002
0.28721505
0.28626069
0.28216793
0.28483621
0.28691417
0.2941694
0.29443006
0.28367628
0.2844481
0.28459016
0.2871103
0.29614761
0.2936811
0.29018169
0.28537328
0.28150772
0.28046891
0.28387233
0.28568734
0.27860714
0.27972686
0.28768939
0.2843887
0.27857627
0.27850709
0.28137611
0.2802658
0.27698904
0.29087955
0.29637001
0.29086619
0.28653294
0.28014364
0.28287943
0.28191815
0.27979099
0.27983899
0.27700244
0.27602456
0.27926769
0.27876107
0.26980215
0.26667684
0.26766597
0.26722318
0.26953627
0.26486924
0.2638465
0.26771817
0.27569506
0.28174588
0.27790154
0.27584786
0.28193143
0.28538805
0.28622229
0.28526581
0.27552371
0.27631307
0.27871581
0.28539398
0.29859245
0.29733948
0.28837655
0.28222484
0.2833031
0.28610754
0.27939267
0.28107844
0.28422354
0.27573214
0.28284958
0.28931044
0.28322393
0.28425544
0.27725038
0.27208229
0.27876425
0.27670148
0.27459133
0.27755825
0.27209216
0.27123291
0.27751122
0.2717721
0.26906257
0.27487412
0.28132661
0.2909066
0.29872644
0.29682667
0.29171142
0.29361008
0.29314241
0.29282672
0.28988163
0.28132903
0.28383565
0.28959865
0.28639126
0.28888416
0.28412001
0.27504601
0.2799865
0.28134724
0.28123411
0.28440416
0.2815901
0.27472148
0.26865125
0.27366721
0.27433066
0.26807138
0.27284337
0.27234644
0.26821055
0.27639992
0.28519528
0.28529782
0.28879064
0.28283294
0.27000679
0.25864319
0.253955
0.2667473
0.26092059
0.24564151
0.24472466
0.24030872
0.23525069
0.2315841
0.23530085
0.24576338
0.24545314
0.24545314
0.24135466
0.23289549
0.23915744
0.24731768
0.24728595
0.2497588
0.24070899
0.22542606
0.2235483
0.23395177
0.24000178
0.23459815
0.23110029
0.24040306
0.241926
0.23214746
0.23453634
0.23843287
0.23710487
0.21248828
0.12439457
0.05038617
0.0526045
0.08616499
0.15077686
0.19962885
0.20841669
0.21819708
0.23236261
0.23061752
0.22189319
0.22233705
0.22333371
0.22313641
0.22865366
0.23687292
0.24335495
0.24785507
0.23725786
0.22624747
0.22837454
0.23119467
0.22915015
0.23068698
0.23360435
0.22100032
0.21632992
0.22247265
0.23742954
0.24186975
0.23526359
0.22916116
0.22249477
0.22697245
0.23901456
0.23778623
0.23157783
0.23799519
0.23623458
0.23323147
0.22925964
0.22211245
0.21807765
0.22654453
0.22799606
0.22382056
0.2349412
0.25612152
0.27983521
0.28545645
0.2835703
0.28057407
0.29247766
0.30551462
0.30000381
0.29731628
0.30162321
0.31135879
0.31411677
0.30483907
0.29939386
0.30152398
0.30075929
0.30005275
0.30107271
0.30796073
0.30209188
0.2953143
0.29764461
0.2910371
0.28777876
0.28948401
0.28941947
0.28536412
0.28909733
0.29760167
0.28931688
0.28872126
0.29150845
0.288695
0.30218038
0.30533465
0.29885524
0.30151911
0.29685083
0.29064711
0.29534899
0.29817429
0.28512626
0.27692278
0.28670765
0.28823413
0.28662283
0.28945793
0.29454593
0.29311433
0.28698793
0.2863546
0.28738842
0.28388495
0.28752545
0.29423164
0.29057388
0.2917765
0.28974872
0.28852721
0.29172463
0.28450943
0.29005638
0.30291651
0.30320401
0.29772847
0.2900121
0.28739818
0.29020032
0.29785836
0.29936632
0.29378742
0.28353179
0.28179883
0.28558198
0.28465262
0.28658211
0.28985008
0.29189573
0.29183881
0.28971486
0.28043017
0.28074135
0.28813684
0.28897307
0.28901263
0.29333213
0.29399131
0.28419932
0.27271791
0.28043885
0.2857537
0.2809846
0.28575864
0.28421334
0.27831486
0.28756016
0.2954983
0.29143809
0.28682631
0.28001335
0.27807991
0.28372534
0.2903022
0.2971071
0.3003696
0.2944245
0.28492036
0.29046984
0.29997399
0.29471142
0.29039458
0.28541561
0.28920091
0.28685977
0.28517109
0.28503106
0.28600988
0.28776309
0.28955856
0.2944402
0.28762418
0.28581055
0.29209738
0.29922912
0.29655339
0.29389989
0.2933279
0.28981304
0.28333838
0.28031749
0.28491135
0.28488396
0.27993677
0.28598169
0.29402671
0.292912
0.28347854
0.2818045
0.29098508
0.29409057
0.28482686
0.28366336
0.29160496
0.29557681
0.29517485
0.29220274
0.29736579
0.30216919
0.3000763
0.29166431
0.28955195
0.29990975
0.3017374
0.28958002
0.29197102
0.29535053
0.29219234
0.29142147
0.29509675
0.29929573
0.29815125
0.29590396
0.29284556
0.29305846
0.29358606
0.29808327
0.29942264
0.29469974
0.29333845
0.29083533
0.28727502
0.28942559
0.29864282
0.29862775
0.29654736
0.29747806
0.29360469
0.29512888
0.29914058
0.30060984
0.2998963
0.30084191
0.29240823
0.25273858
0.19493711
0.17359996
0.19235809
0.21363378
0.23932105
0.26488291
0.27103339
0.27231451
0.28120167
0.28723808
0.29364605
0.30179984
0.3021862
0.29667285
0.29532682
0.29050058
0.29075474
0.29972354
0.29932806
0.29308117
0.29501898
0.29278141
0.28716967
0.29121186
0.28631279
0.2905957
0.29943192
0.29149647
0.29217571
0.30119135
0.30303046
0.30026776
0.30079657
0.30580671
0.29797114
0.29265242
0.29951495
0.30266546
0.30064114
0.29801463
0.29794071
0.29741672
0.29815563
0.29517295
0.28166837
0.27151615
0.2769923
0.27878203
0.28246231
0.28833442
0.2848233
0.28687841
0.29386245
0.2954483
0.29556861
0.29214363
0.28859428
0.2945593
0.29588239
0.29528592
0.28882694
0.27881183
0.27647377
0.27847828
0.28217058
0.28029153
0.28190839
0.28317567
0.27810395
0.27523608
0.27778228
0.27775113
0.27719226
0.29394833
0.29171514
0.27592367
0.27540281
0.28384222
0.29194263
0.29009706
0.28191154
0.28467218
0.29230224
0.28641141
0.28054977
0.27598855
0.27308289
0.27293333
0.2735848
0.27254434
0.2758067
0.27883394
0.27701341
0.27596521
0.27342461
0.27551537
0.2747986
0.26864805
0.26502495
0.26098287
0.26434323
0.27244145
0.26813073
0.26812543
0.27928485
0.28698357
0.28535466
0.28039588
0.28086929
0.28212667
0.28551149
0.29282276
0.29250404
0.28661872
0.28267481
0.28229731
0.28711916
0.28546917
0.28156065
0.28542798
0.28727838
0.27571725
0.26747979
0.26702389
0.26489656
0.26449486
0.2713359
0.27146504
0.26939603
0.28426129
0.2840609
0.273817
0.27162086
0.26871454
0.26472971
0.26804055
0.2724578
0.27910532
0.28399993
0.27921408
0.27758649
0.27939122
0.27707436
0.27291256
0.26845841
0.26755773
0.2677382
0.26901221
0.27293483
0.26968019
0.28184029
0.29146759
0.28161446
0.27343678
0.27288365
0.26945923
0.26898716
0.27878306
0.28362867
0.27618576
0.26189452
0.26931011
0.27879216
0.28310508
0.29550446
0.29183766
0.27923389
0.2805007
0.28096658
0.28070727
0.29373014
0.29544723
0.28919762
0.28772244
0.27733638
0.27286259
0.27436887
0.27223693
0.27214983
0.26943946
0.26711866
0.26675253
0.26501294
0.26759749
0.27378035
0.27689678
0.27889442
0.27275428
0.27630094
0.28346318
0.28584349
0.2906661
0.28652334
0.28179598
0.27825306
0.2700712
0.26761937
0.27253951
0.27704919
0.28784578
0.28739476
0.28164465
0.28119044
0.264498
0.2684859
0.28229465
0.28358406
0.29137187
0.29597489
0.28947725
0.27899718
0.27277641
0.26715757
0.26956614
0.27210127
0.26999122
0.27401554
0.2760867
0.27789347
0.28150986
0.27298295
0.26292053
0.26885441
0.27611023
0.28403115
0.28269959
0.28507349
0.28890107
0.28545378
0.28360918
0.28513522
0.28420695
0.27971007
0.28550814
0.28289105
0.28475443
0.29012732
0.28756049
0.28824869
0.2933401
0.29631424
0.27953744
0.21063325
0.1082586
0.04997827
0.07887661
0.13321469
0.16355846
0.1941261
0.21265683
0.22442594
0.24115358
0.24980965
0.25664461
0.25215908
0.25436796
0.26460019
0.26201412
0.26107187
0.26535311
0.26691752
0.27052356
0.26779698
0.2643441
0.2669778
0.27224817
0.27274416
0.2639392
0.26915771
0.27737338
0.27354443
0.26385972
0.27232996
0.27659247
0.2716215
0.28251822
0.28227105
0.27400147
0.27556371
0.27736504
0.27949456
0.27994436
0.28211454
0.28819225
0.28427818
0.2807945
0.27795354
0.2779469
0.28125785
0.28138744
0.28067125
0.27587938
0.27811213
0.28277686
0.27446488
0.26837724
0.27276474
0.26278514
0.25674506
0.26993712
0.2640338
0.25702268
0.26415783
0.25472003
0.25076266
0.26213604
0.26058205
0.25636546
0.2640857
0.26433314
0.25932235
0.2624048
0.26383612
0.27134727
0.27150322
0.26243677
0.26531829
0.27440054
0.27759459
0.26683089
0.26138275
0.26806845
0.26732206
0.25847297
0.26069104
0.27113742
0.27456311
0.27954959
0.28160413
0.27725307
0.27469636
0.27562952
0.27007361
0.26285963
0.26350315
0.26502705
0.27225373
0.27508767
0.27519931
0.27085676
0.26545739
0.26931043
0.26977892
0.28044817
0.28596775
0.28191236
0.28029681
0.28073121
0.28458697
0.2815294
0.27286509
0.27521561
0.2789948
0.27414223
0.27172083
0.27442769
0.2867951
0.28650021
0.27668117
0.27119162
0.27174663
0.27698218
0.27719496
0.27355461
0.27670977
0.28128041
0.27933108
0.28372663
0.28273522
0.28038968
0.27912221
0.27989255
0.27954841
0.27538461
0.27673988
0.27766725
0.28002836
0.27419825
0.2708847
0.27158155
0.27470831
0.28341811
0.28037103
0.27601711
0.2804684
0.28084575
0.27805725
0.27442299
0.27447942
0.27849222
0.27551076
0.26879144
0.2708359
0.27989683
0.28009816
0.27646635
0.27517916
0.27094119
0.27094
0.27682478
0.27715371
0.28726914
0.28894651
0.27698402
0.26914654
0.26933372
0.2761956
0.26904353
0.26851516
0.27383393
0.27817197
0.27350046
0.26592163
0.26901708
0.27446294
0.27854751
0.27644819
0.26843493
0.26879963
0.26737351
0.26541385
0.26657907
0.26619582
0.26701559
0.27026379
0.27505332
0.27540229
0.27608658
0.2768665
0.27404179
0.27298409
0.27221834
0.27667067
0.28244485
0.27909023
0.28287441
0.28724902
0.28350488
0.27362698
0.27037458
0.27690505
0.28906497
0.28952664
0.28729684
0.28127684
0.2642855
0.25862135
0.26183014
0.26479912
0.2600853
0.25844481
0.26226481
0.26920424
0.26754926
0.2627896
0.26675746
0.26527716
0.27251368
0.27906914
0.27181982
0.26974876
0.27060137
0.26938223
0.27586894
0.2780517
0.27573356
0.2798853
0.27467712
0.26348341
0.26667856
0.26804465
0.26802592
0.26813222
0.27181874
0.27867996
0.2764972
0.27597921
0.27143177
0.27158448
0.27272237
0.27397894
0.27354555
0.26926786
0.271239
0.27012738
0.27223459
0.27694026
0.27738258
0.27041537
0.26282294
0.26898833
0.27657829
0.2751996
0.27556286
0.28007761
0.28217269
0.27710812
0.27383957
0.27911496
0.28223144
0.28532174
0.28344724
0.28415497
0.29122956
0.2890026
0.28520645
0.28741154
0.28820568
0.28778042
0.28556775
0.28621867
0.29033839
0.29200196
0.29533939
0.29292838
0.28768391
0.28493721
0.28308032
0.28298907
0.28670692
0.28650134
0.2803053
0.28587749
0.29361915
0.29384983
0.29662557
0.29760774
0.28749923
0.27270499
0.27611882
0.29331691
0.28706376
0.2810149
0.27642255
0.26623518
0.2772138
0.28035047
0.27978683
0.28031053
0.28236236
0.28075601
0.27941923
0.28790777
0.28623195
0.28257926
0.28870854
0.28918168
0.27959726
0.28229432
0.2853573
0.28122749
0.27840076
0.28180671
0.28480872
0.27759313
0.27734581
0.28184613
0.27650544
0.26522461
0.2689742
0.28136108
0.28567737
0.28001584
0.27303747
0.27652964
0.28325231
0.28532157
0.27921061
0.27285873
0.27430043
0.27481463
0.27918762
0.27760653
0.27160653
0.27015659
0.27317907
0.28066671
0.27416628
0.26896084
0.2673596
0.26990787
0.27648968
0.27790813
0.27626735
0.27360755
0.26845157
0.21740235
0.13422681
0.12772419
0.17331595
0.19854037
0.22566954
0.24892256
0.25436554
0.25804761
0.2686862
0.27684482
0.2784578
0.27771094
0.2822178
0.2884474
0.28890217
0.27403195
0.26332604
0.26339752
0.25926784
0.26042515
0.26954599
0.27609599
0.26753801
0.25667288
0.25704631
0.26924338
0.27380598
0.26655755
0.26949528
0.2708706
0.27548817
0.28824464
0.29180237
0.28635056
0.28147036
0.28084006
0.27794214
0.27577965
0.27921178
0.28181061
0.27523202
0.27252193
0.27549359
0.27961001
0.2885414
0.28887417
0.27901021
0.27940217
0.27451222
0.26906143
0.28266212
0.28827727
0.28259865
0.28059671
0.28416647
0.28681
0.2779294
0.27232775
0.27840403
0.28010236
0.2726764
0.26475904
0.26844369
0.28355127
0.28600316
0.27030574
0.26518243
0.2750911
0.27820482
0.27864367
0.28529968
0.28576489
0.2818962
0.27582086
0.2690254
0.27753351
0.27933832
0.27337773
0.27665006
0.27046134
0.2690113
0.27062111
0.27693806
0.27930486
0.27389053
0.27815881
0.28131612
0.28208065
0.2824551
0.28642482
0.29380213
0.29551125
0.28506919
0.27554146
0.27093739
0.27299817
0.28275346
0.28423532
0.2754224
0.27204768
0.28153335
0.28536242
0.2898054
0.28787555
0.27326141
0.27187716
0.27115781
0.27101702
0.26983188
0.27104814
0.26785235
0.26476992
0.27364844
0.28086729
0.28552002
0.28301435
0.27837352
0.27549111
0.27886689
0.28039375
0.28037011
0.28143608
0.27819624
0.27739171
0.27492684
0.27053347
0.27052301
0.27614943
0.28630425
0.28890473
0.28213068
0.2821187
0.28982193
0.29701254
0.30029689
0.29493242
0.28109663
0.27851469
0.28128129
0.27760034
0.28481451
0.28431281
0.27461482
0.27787281
0.28452481
0.28025253
0.27800083
0.2798086
0.27480634
0.26818991
0.27686223
0.2825435
0.27587742
0.27830656
0.27930569
0.27781995
0.26957714
0.27084802
0.27817561
0.27965969
0.28511379
0.29043504
0.28985783
0.29027753
0.29964058
0.29840566
0.29266417
0.28970694
0.28609467
0.28416979
0.28225766
0.27952888
0.28348523
0.28691613
0.26799337
0.25666079
0.26640217
0.26628127
0.26583274
0.26937429
0.26294068
0.2606624
0.26627944
0.27495584
0.28024048
0.2837006
0.28781391
0.27954228
0.27313126
0.27347993
0.27852562
0.27586233
0.27560364
0.28322307
0.27480053
0.27046741
0.25375985
0.17582636
0.12982694
0.15407897
0.18500672
0.21274129
0.23434024
0.25608723
0.26576508
0.26913485
0.27442575
0.27970286
0.28575969
0.28256615
0.28597544
0.29882272
0.2917266
0.2870984
0.28941861
0.28473764
0.28890724
0.29542858
0.29201702
0.28429945
0.29438928
0.30538497
0.30644863
0.31299476
0.30713595
0.28927752
0.27074859
0.25982564
0.25027137
0.24879705
0.25292309
0.23725989
0.23364957
0.23842254
0.23574704
0.24415042
0.24425253
0.23396218
0.23390499
0.23707426
0.2320126
0.2370178
0.24406091
0.2399018
0.23490012
0.22972335
0.23544049
0.22995731
0.21583569
0.2200408
0.22151723
0.2298408
0.23518197
0.23306297
0.23930648
0.23536526
0.22934618
0.23070456
0.23430899
0.23487447
0.23554026
0.23304331
0.23444625
0.22607521
0.22143595
0.22092413
0.2169337
0.22613324
0.23305466
0.23039615
0.23234336
0.23529689
0.24047456
0.24453331
0.24102948
0.24978271
0.24954452
0.24853515
0.26087921
0.25461947
0.24836311
0.25053026
0.23290145
0.14900047
0.08102797
0.12539858
0.18478847
0.20120088
0.21054848
0.21332007
0.21353696
0.22438544
0.23195898
0.23465933
0.2304372
0.23751238
0.25183103
0.25299933
0.24304027
0.24187746
0.2464289
0.24139877
0.23497746
0.23354858
0.24179281
0.23441363
0.22752487
0.22970879
0.222121
0.2341896
0.24257667
0.24710863
0.24338469
0.2312007
0.23697151
0.24569604
0.248236
0.23933834
0.23904865
0.23889429
0.22832272
0.23089782
0.23759338
0.24594438
0.25317774
0.24846089
0.24114858
0.23645437
0.23549763
0.24101301
0.24771201
0.25062855
0.24993657
0.25021379
0.24509768
0.23662697
0.23605601
0.23588433
0.24612706
0.23784746
0.2311075
0.2357577
0.24047464
0.23841745
0.23123368
0.23916841
0.24312038
0.24849569
0.24321193
0.23675352
0.23076315
0.24669347
0.2723052
0.28654629
0.30217873
0.31241451
0.31574857
0.31127764
0.31060008
0.3086737
0.30030689
0.2972941
0.29108883
0.29501995
0.30464347
0.3020606
0.29792867
0.30094026
0.30684352
0.3010253
0.29562259
0.29523644
0.30244595
0.30918598
0.30208289
0.30082484
0.30672885
0.30646514
0.30890395
0.30963184
0.30407128
0.30261903
0.29802925
0.29871145
0.29412468
0.29118985
0.29058905
0.28565963
0.29550646
0.28932637
0.28779265
0.29733685
0.2907438
0.29277933
0.2835479
0.26271658
0.26358569
0.26813106
0.26924993
0.27594337
0.28102565
0.29142129
0.29811146
0.29467285
0.29604099
0.29621518
0.28959545
0.28892811
0.28694425
0.28738717
0.29853534
0.30391194
0.30823377
0.30663026
0.30129454
0.30387353
0.30510796
0.30464216
0.29979908
0.25608549
0.14551171
0.0823526
0.12493237
0.19846836
0.24572568
0.24675414
0.2558439
0.26871259
0.28050897
0.28413511
0.28123666
0.27657698
0.27545784
0.27692081
0.26895363
0.27935907
0.28662295
0.28251869
0.28608772
0.28573309
0.27173328
0.26383165
0.27163208
0.28190582
0.28328628
0.27358381
0.27322265
0.28797057
0.29242767
0.28794376
0.27712438
0.27742479
0.27651467
0.27685108
0.28794641
0.28399692
0.28426524
0.28973689
0.28637125
0.28737333
0.29159644
0.29466212
0.30472183
0.30219732
0.29487438
0.30104962
0.30206809
0.30280465
0.30535359
0.29230016
0.2829492
0.28428299
0.29017192
0.29479157
0.28751181
0.29227712
0.29487634
0.29348692
0.29216492
0.30219363
0.31357395
0.30135297
0.29067782
0.28443514
0.28016191
0.2857766
0.28762922
0.28925747
0.29461285
0.28402724
0.27378444
0.2751556
0.27543115
0.27661699
0.28261929
0.28112475
0.28096013
0.28357415
0.28591
0.28889634
0.29421492
0.30368751
0.30045974
0.27938067
0.19294741
0.10867279
0.12732535
0.1747106
0.21188707
0.2464345
0.26501759
0.2766052
0.27597875
0.26899725
0.28181656
0.28804628
0.27669455
0.27144859
0.28444796
0.29341185
0.2872307
0.28025882
0.27875881
0.28022581
0.28465512
0.28940389
0.28797215
0.28807718
0.29573644
0.29509395
0.28861265
0.28746613
0.28827049
0.28954965
0.29023691
0.29285256
0.29334892
0.2885266
0.28633903
0.28917163
0.28759567
0.28527427
0.28076298
0.28312412
0.28348658
0.2838198
0.29476326
0.30022267
0.29036267
0.27809613
0.28068203
0.29060192
0.29636408
0.29636408
0.28878271
0.27552931
0.27402109
0.28350206
0.2875673
0.28074708
0.267718
0.2708391
0.28104874
0.27876061
0.28030502
0.2841818
0.28513216
0.28744478
0.29521448
0.29934389
0.29051061
0.28674052
0.28916335
0.28235564
0.27838615
0.28701353
0.29347005
0.29247409
0.2927021
0.29278016
0.28005907
0.28426218
0.29536365
0.29268748
0.29387716
0.2910456
0.29407192
0.29381441
0.29036706
0.29054283
0.28723002
0.28883524
0.29481595
0.29411135
0.29084974
0.28570802
0.27900104
0.27834626
0.27645592
0.28384452
0.29792435
0.30239735
0.30292133
0.30106576
0.29605626
0.29319462
0.2930735
0.29090959
0.29152326
0.29190947
0.29167774
0.29367074
0.30260889
0.30503102
0.29577419
0.29760296
0.30015045
0.29761745
0.28579765
0.27670436
0.27781823
0.27191656
0.27701379
0.28924312
0.28671935
0.28930728
0.29464018
0.28974009
0.28870775
0.29089567
0.29516098
0.29226528
0.2939794
0.29348011
0.27951605
0.28306083
0.29020728
0.28328904
0.28194358
0.29015031
0.30150497
0.30527262
0.30031794
0.2919121
0.2956615
0.3039437
0.30789181
0.30611158
0.30176524
0.30330752
0.29035161
0.28410481
0.29433856
0.295212
0.29020458
0.29069255
0.28472133
0.28018676
0.28640183
0.28857626
0.28260497
0.28084812
0.28417286
0.28373687
0.28288926
0.28162978
0.28368094
0.29221763
0.29605118
0.29327516
0.28834381
0.28761802
0.28808377
0.29017885
0.29320479
0.28940861
0.28519979
0.27974684
0.27405759
0.27901771
0.2834182
0.278683
0.27890219
0.28087479
0.28012652
0.27987406
0.28608079
0.29529738
0.28960985
0.28083685
0.28710906
0.28743051
0.27575204
0.27077055
0.28383379
0.29215377
0.28659508
0.2863013
0.28517473
0.27836277
0.28908502
0.29268548
0.28009123
0.28643278
0.28446657
0.27516772
0.27574706
0.26953132
0.2654113
0.27167983
0.27724355
0.27552543
0.27137786
0.27428221
0.27756541
0.27468809
0.2730824
0.28573512
0.29044206
0.28527087
0.2849179
0.28828869
0.29933616
0.30359395
0.2897447
0.28971822
0.30375087
0.29754588
0.28550172
0.28827621
0.30035555
0.30220619
0.30216514
0.30529865
0.30402564
0.29844045
0.29490613
0.30245669
0.29540026
0.29208577
0.29644998
0.28847615
0.29005212
0.29741612
0.29822282
0.29492706
0.26393976
0.1922294
0.16603887
0.20242849
0.23486175
0.24703318
0.26224628
0.2716926
0.2690998
0.27954343
0.29050853
0.29069931
0.29021646
0.29320805
0.29104341
0.29267814
0.29539758
0.29060971
0.29327187
0.29555459
0.2904957
0.29518699
0.30060472
0.28596807
0.27891843
0.28429236
0.27869332
0.27951024
0.28405836
0.28226046
0.26824005
0.25333679
0.25871587
0.26258265
0.25183302
0.24839366
0.25561295
0.26317154
0.26748947
0.26305527
0.25445916
0.25668606
0.25832349
0.25625282
0.24994769
0.2367492
0.23669381
0.24296604
0.24750811
0.25414313
0.25640903
0.24955059
0.24459172
0.23811116
0.23394834
0.23966347
0.23927403
0.24012243
0.25025794
0.24170631
0.23042153
0.23585668
0.23952728
0.2383137
0.24285685
0.2383159
0.23145754
0.23853608
0.24327231
0.24088264
0.22621772
0.2263434
0.23481894
0.23486553
0.23027603
0.22817388
0.22869735
0.23479284
0.23818306
0.23374639
0.23032891
0.22632994
0.22687238
0.23402634
0.23570278
0.22970225
0.2252334
0.22023867
0.21418839
0.21259097
0.21887451
0.21634697
0.21156203
0.21756519
0.21810462
0.20858016
0.20882215
0.20874333
0.2120918
0.19619166
0.11345199
0.05453057
0.06007666
0.05742875
0.05229965
0.0606952
0.10060241
0.15074265
0.17456456
0.19109823
0.19914271
0.19734586
0.20256053
0.20657457
0.19468178
0.19281926
0.19771203
0.20284458
0.20690399
