0.16867508098031087
0.1718993252297559
0.17479872
0.19846142
0.22304518
0.21763584
0.2156483
0.21555886
0.21747383
0.21527318
0.19771334
0.19631003
0.20242883
0.20046484
0.19986032
0.20534776
0.21107367
0.21441544
0.21413077
0.20232402
0.18891981
0.1960469
0.20858272
0.21054471
0.21324014
0.2145354
0.21894797
0.22510448
0.22236788
0.22149896
0.22462655
0.22622731
0.22140762
0.22033539
0.2263764
0.22491367
0.22121641
0.22103006
0.22491688
0.22524791
0.22573688
0.21612412
0.21295504
0.22479928
0.22648648
0.22344787
0.2197061
0.22105629
0.22438588
0.22267553
0.21878547
0.21919895
0.22119762
0.2241221
0.22960315
0.23613192
0.24136418
0.24236822
0.23655098
0.23262839
0.23093755
0.22920558
0.23075056
0.23290111
0.22441294
0.22065062
0.22618928
0.22245646
0.22211355
0.22754902
0.22969565
0.23117263
0.23026319
0.22434589
0.22607985
0.22101578
0.2259922
0.2358656
0.23030587
0.22749529
0.23297818
0.18334026
0.12470569
0.11950186
0.13069068
0.17729124
0.21008093
0.21602928
0.22109059
0.21871437
0.21591825
0.21457867
0.21500382
0.2120771
0.21064819
0.21962538
0.23612767
0.24454938
0.24514581
0.24025245
0.24154606
0.24507842
0.24395402
0.24467129
0.23822518
0.2390195
0.24374989
0.23915242
0.23452286
0.23159877
0.23444186
0.23372287
0.22528039
0.2302671
0.22758599
0.22377684
0.22274029
0.22135888
0.22921668
0.2265921
0.22767432
0.22624421
0.2281867
0.23223131
0.22420896
0.22116409
0.22445426
0.22604033
0.23166408
0.23857949
0.23819731
0.24128611
0.24716894
0.24532688
0.24474198
0.24672381
0.23549051
0.22618573
0.23061407
0.22881009
0.22830198
0.23171413
0.22923469
0.23310472
0.23669878
0.23628114
0.23360406
0.22286187
0.21748984
0.21696804
0.21794006
0.2130278
0.20825575
0.2051921
0.20878917
0.2139441
0.21345825
0.22270471
0.22716001
0.23191378
0.24073095
0.24346978
0.24425796
0.24452698
0.23692181
0.23547942
0.23308266
0.22993847
0.23369047
0.22944206
0.2291661
0.23024129
0.22992707
0.23248243
0.23112552
0.22956333
0.22893751
0.22528637
0.22512457
0.23297669
0.23624098
0.2318837
0.22300464
0.21903659
0.21870827
0.22526396
0.23391678
0.23856037
0.24637336
0.25017624
0.24494493
0.23734804
0.2053346
0.19424342
0.21993175
0.22834156
0.2308399
0.233414
0.23342439
0.23039216
0.23028332
0.22915597
0.22853058
0.21943865
0.22023197
0.22572251
0.21290774
0.2027341
0.20396825
0.20397597
0.20096468
0.20323355
0.20854715
0.2139653
0.21503657
0.21458403
0.2165081
0.21993041
0.21948961
0.21725157
0.21605789
0.21976241
0.22331814
0.22109585
0.21385549
0.20677016
0.20280851
0.2067054
0.21794459
0.22500919
0.22261586
0.21982372
0.22586715
0.22975098
0.17068806
0.10612695
0.10201872
0.10646704
0.12537679
0.15614846
0.17848273
0.19640004
0.20822101
0.21198938
0.214434
0.22298365
0.22665236
0.22448612
0.22427177
0.21364054
0.21767762
0.22793437
0.22929941
0.23194445
0.23171323
0.229193
0.22971342
0.23432772
0.23268641
0.2285201
0.21196381
0.20102544
0.21228565
0.21860735
0.22009837
0.22212334
0.21871416
0.21200374
0.20319687
0.20827575
0.22607244
0.23299802
0.23811401
0.23805072
0.23380976
0.23593363
0.2353742
0.23375984
0.23336947
0.23333475
0.23065908
0.23557188
0.23673475
0.22778817
0.22807515
0.2303294
0.23117854
0.22789281
0.22669454
0.23452618
0.237011
0.23157547
0.22755607
0.22413167
0.2276973
0.23435795
0.23463806
0.23402845
0.23191667
0.22871656
0.229885
0.22936146
0.22127318
0.22269144
0.22707054
0.22496781
0.21867481
0.20968197
0.2085824
0.21008731
0.21724743
0.22009282
0.21535192
0.2155314
0.21661353
0.21938057
0.22267097
0.22428871
0.22038915
0.22086748
0.22183334
0.21874326
0.22794596
0.23505009
0.23159857
0.22701825
0.22292123
0.22389849
0.22421128
0.22318989
0.22397582
0.22175335
0.22191853
0.22383071
0.21742446
0.21050919
0.21725369
0.22805682
0.23449715
0.23560518
0.23390682
0.22821594
0.22486954
0.22505866
0.22429188
0.22424823
0.21563749
0.21940635
0.23300314
0.2343301
0.23315312
0.23459787
0.23402196
0.2385623
0.23678868
0.23076214
0.23258969
0.23071639
0.23171236
0.23347512
0.22536383
0.22339236
0.22902589
0.22455979
0.23021555
0.24080511
0.24442103
0.23772526
0.2337709
0.23609143
0.23640414
0.23540402
0.22633153
0.22207574
0.22218624
0.22676186
0.23061705
0.24071587
0.24034856
0.23035665
0.23592923
0.24738547
0.25339748
0.25098076
0.24549566
0.23925188
0.22898405
0.22677637
0.23259555
0.22447445
0.21180277
0.20464782
0.1718993
0.13652925
0.12791725
0.13916923
0.15922195
0.16706445
0.17928159
0.17583537
0.16819209
0.16723844
0.16781667
0.17048296
0.18112545
0.20046363
0.19193966
0.19549576
0.20503755
0.21246178
0.22165229
0.20937457
0.20244665
0.20718205
0.20927242
0.21796369
0.22286741
0.22209267
0.22836185
0.2219719
0.22220574
0.22780935
0.22601201
0.22145706
0.2104987
0.20255775
0.20325763
0.20700217
0.21651918
0.21875674
0.21178197
0.21804046
0.21836814
0.21098984
0.20979028
0.21012626
0.21474745
0.21376824
0.21732681
0.21994721
0.21561245
0.21397127
0.21103382
0.20756563
0.21556983
0.22667144
0.22559875
0.22266799
0.213042
0.20996799
0.21273454
0.21392776
0.21247754
0.21156037
0.20820598
0.20270921
0.20796762
0.21711828
0.22274258
0.22288635
0.22131337
0.22228737
0.22665358
0.22960083
0.22338033
0.2183051
0.21386303
0.21545665
0.220832
0.21045466
0.20945829
0.21263972
0.21109901
0.2153919
0.21485314
0.21357426
0.20058666
0.19183181
0.18683509
0.1896764
0.20647859
0.18423013
0.14116029
0.11107889
0.10518485
0.1123499
0.13063092
0.1763911
0.21351468
0.22421331
0.23596871
0.24981697
0.25396439
0.25446276
0.2549304
0.25299964
0.2528699
0.26032332
0.26064238
0.25372152
0.25286598
0.26094893
0.26619768
0.26357808
0.2621854
0.26279464
0.26440542
0.26607741
0.26433167
0.26102761
0.2557043
0.24905735
0.24588106
0.25831773
0.27346976
0.26778645
0.26596648
0.26315389
0.25523647
0.25752016
0.26156551
0.26290206
0.26136769
0.2684438
0.27363117
0.27563768
0.27519288
0.26801555
0.26849515
0.26769565
0.25780031
0.26313321
0.2698431
0.26788122
0.27448575
0.28128942
0.28382751
0.27940991
0.27785602
0.28459064
0.29018892
0.28591797
0.28330232
0.29335659
0.2956289
0.29005201
0.2917256
0.28358769
0.27276488
0.27566061
0.27497919
0.27124467
0.27344982
0.2797219
0.27310602
0.25919691
0.25799246
0.26235195
0.26689557
0.2713741
0.26702755
0.2583741
0.26026118
0.26526429
0.26798316
0.27004215
0.26674566
0.26463771
0.26565692
0.26661086
0.25636405
0.2471928
0.25601736
0.26048151
0.26222325
0.2591616
0.2575133
0.26126948
0.25807525
0.25255814
0.24112747
0.23666463
0.244236
0.23859286
0.23568397
0.2428159
0.25113754
0.26002454
0.25813045
0.2414807
0.23020705
0.23297965
0.23492688
0.24500877
0.24806357
0.24614779
0.24608785
0.24634558
0.25069978
0.2602942
0.269657
0.27439151
0.27715801
0.2734264
0.27881155
0.28261603
0.27390939
0.25815898
0.24459686
0.24321434
0.24427287
0.24423353
0.24355293
0.2445832
0.24037596
0.23663152
0.23588633
0.23584273
0.22525075
0.15824685
0.10084827
0.10656898
0.12601658
0.15731927
0.19178601
0.20375237
0.21602321
0.22715231
0.23022547
0.23098687
0.23405604
0.23977883
0.23433574
0.23504291
0.24196326
0.24096751
0.23860184
0.23428284
0.23241444
0.23427679
0.23143178
0.23373553
0.23919539
0.24129754
0.24214744
0.23305961
0.22539398
0.23547397
0.24395775
0.24472222
0.23847965
0.23594756
0.23823847
0.22931057
0.22367799
0.22646711
0.22732304
0.22979655
0.23066559
0.21773281
0.22952956
0.24141122
0.24441851
0.24437993
0.24425958
0.26580491
0.26171885
0.24707246
0.2370569
0.23372913
0.24526164
0.24784872
0.24486595
0.2379841
0.23598198
0.23207175
0.22452536
0.22523518
0.22297025
0.2375571
0.23594378
0.22303348
0.20705302
0.20349268
0.22784624
0.22881691
0.22512543
0.23043775
0.23092748
0.24451362
0.25918591
0.24635178
0.23521643
0.24087604
0.24235017
0.23806681
0.23362092
0.23565082
0.23134787
0.22539043
0.23126005
0.23506181
0.24096779
0.25141502
0.24416634
0.240996
0.24356967
0.23858641
0.24168091
0.24170779
0.23835818
0.23275787
0.224134
0.22215986
0.22895386
0.23013964
0.22644888
0.22366414
0.21775464
0.21049431
0.20877051
0.21009463
0.20944257
0.21569619
0.21955785
0.21424286
0.21327725
0.21739413
0.21663489
0.21439629
0.21330997
0.21099424
0.21339271
0.21208715
0.20927549
0.20914302
0.20514984
0.20447467
0.20836651
0.2092614
0.21248944
0.21666686
0.21685073
0.22051986
0.20631118
0.19971778
0.2074626
0.21302203
0.20622792
0.19628972
0.20175142
0.20453795
0.20228554
0.19202552
0.18877237
0.19386891
0.19829508
0.19095183
0.19228376
0.20184441
0.19783158
0.19516036
0.18453408
0.18348111
0.18848482
0.18923162
0.18371105
0.14471668
0.10329565
0.09521185
0.0975562
0.09523352
0.11653625
0.1490021
0.17296807
0.18642089
0.18840636
0.18916467
0.1952539
0.20589223
0.2147663
0.21220591
0.1969206
0.1969133
0.20978797
0.20541438
0.19128415
0.19269019
0.19406748
0.19399207
0.19532791
0.18895605
0.19056451
0.19736715
0.20879948
0.21110135
0.20683173
0.20535477
0.2024886
0.20736745
0.21224117
0.210118
0.20456545
0.20354039
0.20722445
0.21620293
0.22460053
0.22458178
0.22035153
0.21953754
0.22577715
0.22124799
0.21722521
0.20447385
0.20924499
0.2317381
0.23612226
0.24273671
0.2353343
0.21975918
0.2257951
0.22821982
0.22008022
0.22383113
0.22332912
0.2212194
0.22611463
0.23311343
0.23307229
0.22865123
0.23104598
0.23295173
0.23335962
0.23144831
0.22904579
0.23692551
0.24404656
0.23929536
0.23401521
0.22935019
0.22933789
0.23066553
0.22777347
0.2304921
0.23241996
0.23026492
0.22706047
0.22514304
0.22172812
0.22038633
0.22116484
0.22320367
0.23124625
0.24399529
0.2512728
0.25642198
0.25753684
0.25345517
0.26059232
0.26244858
0.25909566
0.26352314
0.26418819
0.25989552
0.26027535
0.26361907
0.26918219
0.27129559
0.27103088
0.27085549
0.27164686
0.27437643
0.27375158
0.2745259
0.2786614
0.27244791
0.26175532
0.26647901
0.2644581
0.261487
0.26692741
0.26634684
0.27173089
0.26983897
0.26788773
0.26804836
0.26411289
0.26964682
0.26673322
0.25726416
0.24749084
0.24242327
0.23907673
0.23521005
0.23372188
0.23664053
0.23967318
0.24341399
0.24478659
0.2399311
0.22346822
0.21241707
0.20869031
0.20407683
0.20378382
0.19225163
0.19000764
0.19838231
0.20515738
0.20476854
0.2052932
0.20851629
0.20466119
0.20507073
0.20339754
0.19877151
0.19773559
0.20151932
0.20725986
0.18548556
0.16687733
0.16950951
0.16972468
0.16994254
0.17534791
0.17789414
0.17125046
0.17409909
0.17191957
0.15625744
0.14787153
0.15531049
0.1660309
0.16029646
0.15390421
0.15013411
0.14638904
0.15189744
0.14537835
0.14188698
0.14103299
0.13159349
0.12777858
0.13113369
0.13333036
0.12797698
0.13102142
0.13902394
0.13663806
0.1341558
0.13683013
0.13889823
0.130706
0.12080072
0.12685125
0.12655707
0.12574776
0.13041048
0.13436768
0.14829339
0.16112357
0.16440548
0.16770509
0.17638814
0.17158345
0.16631148
0.16945818
0.1711603
0.17149734
0.1723956
0.18278924
0.1937859
0.18859108
0.17796482
0.17060121
0.15766603
0.14888515
0.15711709
0.17553221
0.1725666
0.17061644
0.16987669
0.16754217
0.17438059
0.17336596
0.17612429
0.17758376
0.1756617
0.17126698
0.16974443
0.17506198
0.17400365
0.17192521
0.16811991
0.15554342
0.14886004
0.1498932
0.14925771
0.15587406
0.16668512
0.17202665
0.17669323
0.18288747
0.18514399
0.17993877
0.17595486
0.17710443
0.17540354
0.17351463
0.17697322
0.17150395
0.16905743
0.17554319
0.17805311
0.17589321
0.17379912
0.17901579
0.17896019
0.17540644
0.17757028
0.17589778
0.17510983
0.17295868
0.16983049
0.17607903
0.17948649
0.17749425
0.17093394
0.16697446
0.16717985
0.16840148
0.17131525
0.17133752
0.17529594
0.17854153
0.1768653
0.18255302
0.1820189
0.18221481
0.18210273
0.18163937
0.18493821
0.18887599
0.18624077
0.17509933
0.17791238
0.18374922
0.1850125
0.18144161
0.17649323
0.17968379
0.17928437
0.17582689
0.17708516
0.1796725
0.17964704
0.18103349
0.17608804
0.17451969
0.14167297
0.10825942
0.1154682
0.12006508
0.12946326
0.15120758
0.17769896
0.18440504
0.18394125
0.1876689
0.18714947
0.18891493
0.18765546
0.18265855
0.18773036
0.19253743
0.19318673
0.19278904
0.18939218
0.18930073
0.18226298
0.17774858
0.18661651
0.18247587
0.17998263
0.18535616
0.18423572
0.18230551
0.18724142
0.18883731
0.18434959
0.18771909
0.19244654
0.19140537
0.1900484
0.19271953
0.19283184
0.20199463
0.21045973
0.20973109
0.20764491
0.19292361
0.19446584
0.21396811
0.22250884
0.22082233
0.21365572
0.21221079
0.20807765
0.20872893
0.21980609
0.2233104
0.20759007
0.19719406
0.20137662
0.20526618
0.202704
0.19871242
0.19193074
0.1879996
0.1954542
0.19333805
0.19286651
0.19293807
0.19197274
0.19225281
0.1881884
0.18776951
0.18933408
0.19149299
0.19587761
0.2015146
0.20270027
0.20190053
0.20629613
0.2068496
0.20361689
0.20475831
0.20684174
0.20486076
0.2069748
0.20840682
0.20882768
0.20826613
0.20658358
0.2052253
0.20286953
0.1992376
0.19835363
0.20144257
0.19676655
0.19122929
0.19045535
0.19315651
0.19474583
0.19650553
0.1956997
0.19865876
0.20350898
0.19983219
0.20084897
0.20066684
0.20169099
0.19637103
0.20105303
0.21749229
0.22690765
0.231
0.23294419
0.23483664
0.23152952
0.23708896
0.23921265
0.23849231
0.23685397
0.22844272
0.2211902
0.21851266
0.22996506
0.23827107
0.23229254
0.22962473
0.22584195
0.22100778
0.22240119
0.22692341
0.23495999
0.24036583
0.23016958
0.22811493
0.2331763
0.23173971
0.22954213
0.23075559
0.2330963
0.22895855
0.22882258
0.23034637
0.22840076
0.22814841
0.23019288
0.2281332
0.22842571
0.23166934
0.17580868
0.1073664
0.09381981
0.0942942
0.1053135
0.13216085
0.14736328
0.15450421
0.16825491
0.17388058
0.18639437
0.19094128
0.18465412
0.18588795
0.18695067
0.17671728
0.17921927
0.18877771
0.19184698
0.20059997
0.20583102
0.20518043
0.20416861
0.21498426
0.22572821
0.22424545
0.22278028
0.21838147
0.21320079
0.20933968
0.20447929
0.20373244
0.1986284
0.19013299
0.18155349
0.17877342
0.18233779
0.19037562
0.18503134
0.17531535
0.17430452
0.18268599
0.18098968
0.18429792
0.18405385
0.1804653
0.18355541
0.17054975
0.15676476
0.14647196
0.15744147
0.17294655
0.17756131
0.18162766
0.1748119
0.16197629
0.16103866
0.16512335
0.16686441
0.17059688
0.17441013
0.17103317
0.17002586
0.17211304
0.16757909
0.16739595
0.17005789
0.17785214
0.19663249
0.21017374
0.22074875
0.22395022
0.21897254
0.22502708
0.23356398
0.23865177
0.23962885
0.22150659
0.21212588
0.21383277
0.21636618
0.17927262
0.11218312
0.08086094
0.08214767
0.09819744
0.10937025
0.13087619
0.15143697
0.1510878
0.15166853
0.15490519
0.1703374
0.17720193
0.17086485
0.17469944
0.17429141
0.17230787
0.16874613
0.16705237
0.18876349
0.20719981
0.21386647
0.22139655
0.22491605
0.22584816
0.225745
0.22963413
0.22901914
0.23232372
0.23427154
0.23095902
0.23175619
0.23190837
0.23103053
0.22840397
0.22504558
0.22597983
0.22750321
0.22606759
0.22656105
0.22424468
0.22157284
0.22742434
0.23218416
0.22965856
0.22402166
0.22759475
0.23403189
0.23150052
0.22819666
0.22870439
0.2270273
0.22149645
0.21824559
0.21858383
0.22568686
0.23952808
0.25149226
0.25686015
0.25402091
0.25103826
0.24915184
0.24751036
0.24289758
0.2400387
0.24726977
0.25141048
0.24709082
0.24466174
0.23849361
0.22495008
0.22267159
0.22716362
0.2274165
0.22406996
0.22521478
0.23662264
0.24818344
0.24545247
0.23813209
0.23453627
0.23256588
0.22621816
0.22671594
0.22600288
0.21908323
0.21765611
0.21904567
0.21994717
0.21962594
0.22483052
0.22873718
0.22825881
0.22456313
0.22428004
0.22603863
0.22480391
0.22291324
0.22491095
0.22114894
0.21710251
0.22024365
0.22091233
0.22038329
0.22270485
0.22237827
0.21815278
0.22009034
0.22822948
0.22803649
0.22584946
0.22342984
0.22358874
0.22324452
0.21549746
0.2085581
0.20828724
0.21415187
0.21230811
0.20634238
0.20772797
0.21409406
0.2164886
0.21084915
0.21018916
0.2029043
0.14372684
0.09895291
0.09645241
0.09679036
0.10717468
0.13286881
0.1714718
0.19828717
0.20985424
0.21400073
0.22061973
0.22727709
0.22758273
0.23130447
0.22393958
0.21439973
0.2161167
0.21883032
0.22799393
0.23027975
0.22739372
0.22529213
0.22135859
0.22533419
0.23099801
0.23233822
0.21829114
0.2149572
0.22833924
0.22512042
0.22376574
0.22607804
0.22470601
0.2229724
0.2211412
0.21720626
0.21459654
0.21914557
0.22505882
0.22119647
0.21837692
0.22302409
0.22703223
0.23286785
0.23653338
0.24586305
0.25010016
0.24642195
0.24379477
0.23811195
0.24293752
0.24669072
0.24539871
0.24921368
0.25278297
0.24954778
0.24246852
0.24108402
0.23834433
0.23964481
0.24404108
0.24283023
0.2427678
0.24562912
0.2421973
0.2382417
0.2429604
0.24231431
0.24079502
0.24727923
0.25423959
0.25153073
0.24976975
0.25234278
0.24401957
0.23637947
0.23980158
0.25161324
0.25650372
0.25237687
0.24736509
0.24917707
0.25497749
0.26387293
0.26831501
0.26135006
0.25895446
0.25673467
0.25730649
0.26711357
0.26825197
0.26570592
0.27115613
0.27578468
0.28101649
0.27735389
0.2733993
0.26867343
0.26475782
0.26384782
0.26337683
0.26739361
0.26883757
0.27048892
0.2694307
0.26004051
0.25641073
0.2593115
0.26211851
0.26724203
0.26981911
0.26875165
0.2446241
0.1996003
0.16313471
0.1641523
0.19585517
0.2186762
0.2268791
0.22695241
0.2286866
0.21664481
0.20620757
0.21140161
0.20132986
0.1871373
0.18477682
0.19221464
0.1979932
0.1982532
0.1931738
0.19142848
0.20024045
0.2048461
0.20368403
0.21237021
0.22057411
0.22047315
0.22417503
0.21872513
0.2210966
0.22498804
0.2131643
0.21696888
0.23048119
0.23257761
0.22317385
0.21895934
0.2223553
0.21975911
0.21972996
0.22226344
0.21972855
0.21986182
0.22057549
0.21916071
0.21589561
0.21250002
0.20869439
0.21001276
0.21745622
0.21606327
0.21103097
0.21076001
0.20947606
0.21351051
0.18389607
0.12044722
0.09247457
0.09182618
0.10334243
0.1408252
0.18684681
0.20704439
0.21066554
0.21673663
0.21590199
0.20835499
0.20865508
0.21219839
0.20922471
0.21208525
0.21203645
0.20767794
0.20863528
0.21132543
0.20593103
0.2051256
0.21379324
0.21999851
0.21916017
0.21725599
0.2116309
0.21061107
0.21786252
0.2214488
0.21953154
0.21771445
0.21393583
0.20703201
0.2087047
0.20658273
0.19954909
0.19644814
0.19289415
0.19268428
0.19759782
0.19950919
0.20005824
0.199346
0.1996304
0.19471484
0.18719065
0.19048001
0.19597633
0.20401252
0.20589062
0.19378965
0.18729054
0.19124431
0.19211607
0.18729507
0.18818105
0.18961074
0.1889062
0.19075264
0.18898846
0.19619696
0.21311253
0.21074882
0.19856828
0.18985469
0.18396881
0.19277274
0.19212436
0.1788009
0.18526927
0.19529594
0.19374918
0.17880156
0.17014508
0.17897601
0.17946696
0.180416
0.18764355
0.19066812
0.2046187
0.22608783
0.23377399
0.23499243
0.24700963
0.24891038
0.23709786
0.23665695
0.2367611
0.23693393
0.23524944
0.23356561
0.23980899
0.24741353
0.24291119
0.23525754
0.23532013
0.23058491
0.22192985
0.19749822
0.19536447
0.20776393
0.20621028
0.2096535
0.13775136
0.06560512
0.07423132
0.11304635
0.16808183
0.19801632
0.20982257
0.21947581
0.21788072
0.21897244
0.22748376
0.21998575
0.20888589
0.20781281
0.21437252
0.223092
0.22648073
0.22444098
0.22598177
0.2336077
0.23284642
0.22489608
0.22332492
0.23850089
0.24090651
0.23061338
0.22182
0.21992491
0.21537884
0.21061943
0.17339153
0.11747655
0.09955031
0.09659336
0.09569818
0.12536874
0.17845601
0.2060382
0.20725133
0.20260156
0.1991534
0.19692261
0.19759291
0.20504176
0.20948684
0.20816832
0.20642617
0.21336048
0.22849748
0.23047307
0.22780219
0.22617088
0.20847894
0.1932587
0.19619676
0.19411827
0.19724169
0.20208963
0.20254969
0.20501595
0.20836381
0.20712834
0.20456397
0.20353021
0.20651746
0.21522313
0.20889002
0.20595827
0.21340971
0.21812847
0.22129741
0.2204058
0.22067695
0.21723791
0.21623485
0.21618758
0.22082789
0.23447461
0.23124133
0.2102477
0.20956861
0.22485766
0.2307699
0.22455639
0.21913695
0.22252316
0.22288425
0.21752076
0.21917563
0.22543841
0.22447802
0.22154765
0.22140318
0.22817545
0.23067919
0.22891548
0.23111158
0.23781133
0.24234553
0.25366349
0.26761524
0.27112684
0.26822666
0.26351444
0.26847599
0.25997297
0.25707881
0.26979852
0.26556714
0.25572889
0.25294386
0.26246446
0.26615866
0.25756555
0.25799328
0.26666244
0.27033125
0.26830085
0.26944406
0.27260399
0.28040581
0.27527989
0.26613177
0.27056215
0.27355191
0.26939241
0.26569639
0.27586263
0.27190859
0.26987723
0.27289253
0.26699375
0.26236882
0.26119245
0.27422751
0.27594128
0.26972665
0.26932512
0.27162177
0.27011962
0.26231469
0.25701298
0.26077984
0.25719528
0.24333158
0.23681024
0.23114162
0.23306964
0.22949372
0.22162682
0.22705691
0.22440039
0.21632175
0.21704871
0.2167491
0.1891892
0.13564604
0.10425991
0.10358028
0.11916058
0.14744884
0.17801263
0.18954012
0.1806235
0.18305697
0.19151195
0.19617835
0.20267632
0.20521488
0.20873026
0.21483545
0.21225596
0.21076155
0.21031099
0.20850566
0.21895207
0.22351815
0.21102464
0.20334955
0.20492127
0.21656266
0.22628218
0.22884703
0.23066211
0.22130402
0.21427455
0.21722097
0.22209757
0.22570922
0.22846987
0.22482237
0.22290585
0.22045698
0.21465613
0.21700859
0.22308807
0.22888161
0.22841237
0.22606785
0.22987455
0.22930773
0.23153138
0.23282079
0.2240303
0.2165312
0.21610315
0.22335677
0.22586665
0.22468299
0.2234584
0.21534368
0.21043027
0.21395604
0.21485252
0.21449911
0.21903941
0.23014438
0.23241388
0.22741327
0.22996581
0.22785419
0.22574154
0.23003956
0.23210876
0.2323812
0.23298968
0.22290974
0.22392934
0.23162128
0.23121234
0.23637714
0.23947342
0.23727786
0.2379993
0.25046454
0.25996912
0.25055461
0.2391667
0.24752071
0.2584814
0.24403171
0.22373929
0.22187608
0.22138522
0.21636308
0.21726864
0.21759457
0.21387535
0.21793357
0.22302321
0.22103595
0.2196443
0.22618887
0.21698675
0.19719092
0.1956645
0.15914805
0.1037521
0.09491588
0.09774126
0.10269804
0.1365757
0.18612777
0.22323087
0.24051103
0.24060983
0.23090997
0.23994098
0.25069373
0.24506512
0.24913205
0.25947296
0.26350774
0.25588711
0.24789335
0.25299461
0.25055055
0.24321442
0.24464075
0.25235345
0.25355016
0.24888278
0.24868377
0.25757214
0.26285986
0.25944347
0.25177311
0.25914721
0.26802402
0.25875134
0.25055451
0.24398645
0.24687614
0.24891674
0.24607372
0.23624195
0.22870861
0.23400622
0.23711419
0.23666928
0.24399361
0.25333465
0.24999798
0.24046808
0.23332906
0.23012962
0.23236721
0.23595256
0.2394544
0.24225572
0.23963712
0.24642772
0.24922217
0.23602626
0.23770595
0.24264182
0.23838818
0.23137342
0.22446618
0.22440733
0.22225488
0.21326603
0.20620398
0.19382865
0.18441783
0.18596702
0.18420736
0.14545735
0.0966511
0.09115108
0.09382738
0.08950374
0.10154777
0.11892707
0.12222132
0.13091682
0.14352124
0.15123932
0.16521597
0.16952369
0.17159617
0.16820234
0.16105573
0.16872887
0.18430721
0.18800391
0.18192521
0.17992925
0.17254406
0.16404106
0.16104904
0.16049743
0.16424677
0.16932981
0.16912374
0.17485848
0.17024677
0.16635975
0.17496909
0.17588445
0.17456394
0.18723769
0.20449131
0.21995155
0.21523872
0.20456528
0.21215743
0.21682716
0.2187458
0.22049821
0.23126186
0.24115297
0.23889363
0.23568367
0.22993302
0.22757748
0.23768821
0.24396021
0.24736463
0.23799113
0.23222998
0.23826497
0.23166432
0.21923141
0.22433147
0.23181691
0.2331076
0.23049035
0.22979992
0.23527091
0.22805787
0.23110871
0.23924333
0.2359824
0.23166265
0.22935548
0.22751643
0.22485859
0.22800827
0.2343483
0.23558059
0.23881527
0.23699506
0.22199227
0.22289298
0.23632452
0.24320274
0.24559362
0.24262328
0.24414577
0.25030924
0.24966621
0.24692786
0.25247317
0.24823452
0.23769552
0.23857658
0.2559596
0.25394265
0.23954536
0.24753883
0.25393919
0.25710707
0.2562057
0.25839911
0.26574449
0.2603534
0.2526889
0.25164622
0.25310922
0.25603072
0.25353942
0.253493
0.25339947
0.2516233
0.24847725
0.24739434
0.24810346
0.25024529
0.26197394
0.26307098
0.26336084
0.2646987
0.24350862
0.2413604
0.25375302
0.24206202
0.23860207
0.24602654
0.24011402
0.23975684
0.24786674
0.2482349
0.24345791
0.23587633
0.24240967
0.24935807
0.2405982
0.23951824
0.24105925
0.24085879
0.24646603
0.2440441
0.23755292
0.24200962
0.24070713
0.23245245
0.23441608
0.23425479
0.23469797
0.23986849
0.1906149
0.138823
0.12934906
0.11866633
0.12733824
0.15360779
0.2050827
0.23417931
0.23648484
0.24571471
0.24450109
0.24094041
0.2416352
0.24408987
0.24669153
0.24668762
0.2447544
0.25065701
0.26071118
0.26434809
0.26240548
0.26048671
0.25319056
0.25620126
0.25115655
0.24576627
0.25474297
0.25844384
0.25591049
0.25056647
0.24955692
0.25998905
0.2588575
0.25095976
0.25356745
0.24905507
0.2445839
0.24668102
0.24686776
0.24353785
0.24778289
0.24906927
0.25081914
0.25126489
0.2478707
0.24733747
0.23810559
0.23558397
0.22687991
0.21973301
0.22426344
0.22527781
0.22535833
0.22408808
0.21816583
0.20903488
0.21662417
0.2284142
0.21666869
0.20463996
0.21462068
0.21776378
0.21044629
0.20466181
0.20874955
0.21356144
0.20807054
0.21246791
0.22221234
0.22380132
0.21352321
0.21364307
0.22184084
0.21824714
0.22096436
0.21899506
0.21532193
0.21342152
0.21142879
0.2180864
0.22144075
0.22346354
0.18062266
0.12060649
0.12384442
0.14835766
0.16777276
0.19202566
0.2086446
0.2178095
0.22464927
0.23165969
0.23664776
0.23340402
0.23109424
0.23089322
0.23780192
0.2429398
0.24303188
0.24940158
0.25088782
0.24678196
0.24770358
0.25129758
0.2495912
0.24908665
0.24701809
0.24384632
0.24355009
0.24338791
0.23606833
0.22633755
0.22579421
0.22190894
0.2193088
0.21994455
0.21441185
0.21238877
0.21695739
0.2161627
0.20766908
0.21067633
0.2184377
0.22158456
0.22278368
0.22241523
0.21697842
0.21146861
0.21045639
0.20341463
0.20401789
0.20927469
0.21590269
0.21564053
0.21579613
0.21910938
0.2191111
0.21614598
0.21069864
0.21160572
0.21468237
0.21531792
0.20666548
0.20155891
0.20225941
0.20210475
0.20164542
0.20644225
0.21228828
0.20923241
0.20986164
0.21117206
0.2109682
0.21449359
0.2096326
0.20912487
0.21040474
0.20810905
0.20724039
0.21008912
0.21858188
0.22469698
0.22915706
0.22402666
0.22021933
0.22591574
0.23013567
0.23119567
0.23537264
0.23320881
0.2277149
0.22585971
0.22356868
0.22678313
0.23250115
0.23595926
0.23849792
0.23591837
0.23696833
0.23915226
0.2410061
0.2462041
0.2451048
0.23901662
0.23486685
0.2385412
0.24593861
0.24953246
0.2479893
0.24989521
0.24198413
0.23485415
0.23905771
0.23584154
0.22680153
0.2287498
0.2403528
0.24603784
0.23950166
0.23615912
0.2429525
0.2409303
0.23670992
0.2376984
0.23755851
0.23738132
0.24103878
0.23894504
0.23309921
0.23761262
0.24165784
0.2385195
0.23835901
0.24232398
0.23698061
0.22986327
0.2284047
0.22269411
0.1627686
0.11026171
0.11739997
0.13615574
0.14816852
0.15140359
0.17865047
0.20509793
0.21189916
0.21858842
0.22965169
0.2435027
0.24640628
0.24340146
0.24408578
0.24307083
0.2467352
0.25236079
0.25645797
0.25862272
0.25998462
0.26213379
0.25842475
0.2446792
0.23945478
0.2411465
0.23731563
0.23532499
0.23271997
0.23075551
0.22969014
0.22658245
0.22859556
0.23220633
0.23149034
0.23040299
0.23218928
0.23493396
0.23350091
0.23925578
0.25059571
0.25410264
0.24947489
0.24982998
0.25354557
0.24856752
0.24834651
0.24888974
0.24324246
0.24201358
0.24771702
0.25269203
0.25198024
0.25120842
0.25553442
0.25696116
0.25146494
0.25457549
0.25732854
0.25449765
0.25583371
0.25416088
0.25051679
0.24912704
0.24993192
0.25007614
0.24954451
0.25441382
0.25902833
0.25982642
0.2582599
0.25379251
0.25234916
0.24978858
0.24508897
0.24682478
0.25361526
0.25813177
0.25351246
0.25108618
0.24684051
0.23786248
0.24245084
0.2482283
0.25237912
0.25107315
0.24258439
0.24815148
0.25199957
0.25358504
0.26257779
0.26028598
0.25720871
0.26157299
0.25791463
0.25432388
0.26056116
0.25495176
0.24439216
0.24565348
0.24541192
0.24669511
0.25286106
0.25834841
0.25751749
0.25585205
0.25920943
0.22571093
0.1550461
0.11094478
0.114907
0.14312057
0.17249012
0.20225317
0.22281367
0.23054293
0.23615589
0.23805317
0.23811291
0.23605196
0.24040899
0.24413316
0.24099343
0.24378534
0.23576313
0.22586781
0.2246935
0.22867909
0.23108215
0.22487464
0.22293303
0.23497452
0.24374816
0.23483634
0.23550017
0.23607662
0.23230016
0.23495133
0.23446137
0.23635893
0.23507817
0.22835137
0.22473409
0.2237627
0.22572014
0.22028523
0.21679917
0.22832609
0.23280497
0.2319327
0.23390349
0.23435653
0.23178209
0.23276912
0.23356247
0.23081461
0.22036117
0.21981062
0.22100014
0.21665692
0.22174054
0.22125283
0.22534676
0.22692307
0.2332437
0.23679417
0.22807576
0.22167374
0.21971778
0.22404304
0.23063818
0.2332804
0.22915243
0.22849278
0.23347651
0.23990478
0.24561816
0.25238939
0.25447555
0.24334353
0.22752496
0.22097447
0.2262458
0.23298518
0.23701206
0.23328102
0.23376981
0.24072399
0.23847616
0.2374188
0.23942147
0.25750961
0.2616089
0.25445944
0.26300734
0.25823723
0.25962459
0.26467099
0.26013627
0.25956364
0.26046402
0.25844787
0.25914865
0.25618584
0.25459141
0.25532081
0.25532419
0.25841173
0.2634714
0.26180106
0.25395081
0.25461128
0.25717731
0.25480374
0.25882432
0.25786651
0.25179886
0.25867801
0.26901649
0.27731584
0.27417338
0.26105847
0.25859181
0.26110936
0.26524561
0.26296825
0.25600726
0.25912189
0.25621768
0.25467413
0.24726972
0.24412683
0.24878147
0.24420147
0.24589627
0.24626162
0.24709414
0.24750839
0.24645088
0.25340162
0.25282454
0.24500938
0.24366274
0.19123945
0.12698799
0.13701093
0.19062679
0.22602555
0.23347503
0.24002812
0.24188184
0.25382672
0.2549594
0.25052561
0.25699985
0.26574821
0.27093921
0.26135222
0.25904982
0.26520915
0.26703807
0.26040322
0.26045451
0.26495438
0.25858282
0.25484578
0.25644853
0.25184355
0.24616333
0.25350318
0.25504025
0.25513426
0.26212738
0.25933759
0.25744047
0.26061009
0.26126839
0.26402793
0.26909939
0.2687419
0.27019679
0.26911198
0.26139765
0.25601947
0.26277695
0.27849827
0.27781268
0.27859156
0.27955363
0.28503414
0.29110757
0.29101107
0.29939076
0.2985532
0.29097016
0.28129759
0.27388461
0.27531582
0.27581668
0.26740281
0.25920084
0.25961605
0.26829058
0.27182458
0.27270404
0.27509964
0.27596978
0.27946587
0.26890124
0.2602025
0.26369216
0.26216957
0.26166564
0.25931778
0.2628518
0.26704682
0.26450421
0.26534866
0.26751966
0.26782123
0.26638734
0.26059631
0.26490604
0.26712143
0.25884011
0.25796825
0.27052591
0.27914039
0.28013335
0.28435797
0.28201053
0.28114833
0.28966749
0.28819485
0.28379954
0.28714898
0.29335872
0.29608294
0.29121786
0.28944548
0.28821439
0.27506123
0.26429082
0.25983783
0.25104818
0.25268222
0.25584795
0.25040383
0.24907482
0.24369644
0.18628439
0.1321293
0.12806527
0.13602282
0.16101259
0.19030461
0.20305702
0.21945035
0.23168898
0.23582118
0.23609182
0.23446952
0.23437547
0.23047235
0.21938888
0.21701536
0.22792106
0.2196781
0.21083196
0.21582918
0.2257058
0.23414174
0.23514843
0.22811427
0.20114638
0.19251295
0.20945215
0.21004729
0.20601285
0.2157102
0.22434056
0.2151033
0.20904416
0.21945619
0.21682374
0.21701136
0.22282791
0.2184541
0.23885163
0.25150524
0.25005622
0.26704123
0.2759566
0.27870664
0.27450918
0.26502324
0.2723695
0.2771545
0.28329597
0.28761085
0.26934281
0.26071827
0.26329088
0.26747877
0.27156819
0.2539973
0.24168629
0.24023451
0.24293911
0.24586012
0.25155775
0.24952992
0.24005389
0.24201818
0.24133994
0.22645291
0.19503709
0.17443659
0.19242687
0.21382888
0.21307072
0.21820683
0.22628115
0.22923775
0.2249642
0.21515669
0.21030357
0.20380962
0.19993247
0.20586955
0.20020288
0.20271454
0.21248303
0.20160182
0.19440918
0.18626973
0.19012096
0.19910833
0.20044322
0.20657625
0.20688027
0.20137474
0.19732283
0.20074126
0.21026993
0.21546286
0.22337605
0.2367193
0.23511757
0.2274938
0.22207205
0.21768539
0.22483533
0.22823336
0.22154526
0.22036693
0.2220068
0.22584498
0.23014022
0.23009678
0.22618394
0.23113802
0.24090002
0.24215468
0.23650676
0.23473445
0.24721111
0.25433552
0.24575782
0.23880015
0.23229428
0.23236594
0.24264149
0.24775416
0.24986305
0.25074191
0.24635784
0.24349977
0.24150011
0.23650121
0.23180236
0.22723376
0.22350859
0.23131387
0.2395784
0.24110551
0.24105059
0.24020983
0.24500953
0.24355407
0.23765033
0.23649253
0.23206438
0.22770041
0.23659775
0.24280805
0.23919665
0.24260267
0.24338756
0.23518032
0.22824784
0.2332815
0.23573378
0.23693842
0.24101624
0.24788555
0.25267507
0.2447137
0.23686716
0.22945792
0.22931605
0.23829342
0.24393916
0.24768561
0.24726961
0.24412986
0.24616103
0.24757531
0.24429075
0.24256332
0.23156938
0.22366369
0.22901383
0.23230159
0.23431615
0.23397913
0.23262291
0.23084167
0.23080378
0.23086384
0.23271227
0.23368346
0.22885881
0.22541851
0.22906991
0.23083504
0.22867577
0.22642215
0.22685571
0.22602401
0.2241667
0.23662452
0.24399252
0.23682575
0.23140581
0.23252197
0.23335868
0.23300459
0.22810761
0.22988295
0.23919531
0.2390125
0.24143038
0.24230413
0.24025645
0.23586781
0.22645634
0.23016473
0.23983355
0.23808639
0.23827874
0.24218769
0.24368484
0.24290773
0.23279207
0.22573222
0.2421025
0.2343804
0.21894488
0.2230937
0.22477522
0.23016478
0.23965617
0.22643952
0.16862522
0.12679305
0.12412013
0.13094957
0.15474164
0.19596974
0.20993092
0.21135438
0.2166756
0.20555008
0.20973143
0.21825339
0.21595101
0.22642148
0.22847593
0.22150673
0.22178125
0.22089122
0.22270314
0.22529437
0.22899888
0.23072403
0.22125409
0.22
0.22098301
0.22083134
0.22750769
0.22867068
0.22829794
0.22788701
0.22892745
0.22688299
0.22601212
0.22536773
0.22831075
0.232657
0.23265531
0.23204993
0.22613598
0.23086041
0.23681669
0.23174576
0.22631154
0.22994542
0.24121826
0.24143238
0.22665532
0.21248652
0.21813911
0.22770925
0.21957628
0.22061628
0.22448182
0.22092438
0.22095365
0.21330096
0.21178045
0.21930017
0.21218418
0.20807511
0.20737713
0.21392668
0.22399266
0.22391493
0.23313427
0.23080827
0.22598574
0.23352144
0.2391776
0.23964672
0.23808487
0.24090805
0.24317734
0.23313811
0.22773403
0.23442605
0.23746985
0.23845527
0.24047647
0.23623739
0.2321368
0.23458438
0.23536077
0.23336605
0.23278559
0.22519249
0.22027294
0.21943482
0.21446453
0.21842272
0.22454592
0.19989115
0.15493433
0.13536752
0.1416725
0.1670632
0.1848796
0.20661628
0.23482145
0.24706676
0.24681347
0.23998667
0.24300258
0.24409145
0.23509258
0.23801022
0.25481362
0.25881912
0.25177845
0.25546363
0.26273875
0.25435286
0.24918798
0.24812275
0.24123941
0.23333315
0.23428944
0.23660392
0.23077314
0.23382665
0.24422488
0.24108012
0.23685207
0.25063462
0.25944918
0.25303442
0.25228748
0.260502
0.2603013
0.25558627
0.25647854
0.25900706
0.25969679
0.26286055
0.25843134
0.25349814
0.25912165
0.25087557
0.25896779
0.27328246
0.2490498
0.23474746
0.24564143
0.24473601
0.24340578
0.25124637
0.24636286
0.24329472
0.23627123
0.23302381
0.23476305
0.22870152
0.2341918
0.23848607
0.23764798
0.22537594
0.16452232
0.11289703
0.11046397
0.12236089
0.15522742
0.18667079
0.19882635
0.20983441
0.20383484
0.19563897
0.21472473
0.23037801
0.2391182
0.24136514
0.22248801
0.2109034
0.21707963
0.22508841
0.22647968
0.22466716
0.23066757
0.22587777
0.21884936
0.2253148
0.22928125
0.2335265
0.22823227
0.22358288
0.22780816
0.21800516
0.21743802
0.22158752
0.21707822
0.21839239
0.22381503
0.22384528
0.22423494
0.23479052
0.23273785
0.22251416
0.22061598
0.21953485
0.21355318
0.21345139
0.21245295
0.21021823
0.21632118
0.21564793
0.21103179
0.21194278
0.21379849
0.21290357
0.21345417
0.2134372
0.21482045
0.22184954
0.22558065
0.22814276
0.23402729
0.22815276
0.217695
0.21636149
0.22244335
0.22837253
0.22098244
0.21192367
0.21773722
0.22431677
0.22623714
0.2258621
0.22939376
0.23233009
0.22771826
0.22585965
0.22338301
0.21496336
0.20797197
0.21622503
0.22841034
0.23023108
0.22829276
0.23010922
0.23472641
0.23069473
0.23027652
0.22650025
0.21955416
0.22804131
0.23304252
0.22917411
0.22568832
0.22183366
0.21714675
0.22191133
0.23305432
0.23109199
0.22303994
0.22257373
0.22325314
0.22205798
0.22185106
0.2220001
0.21997643
0.21507817
0.21696552
0.21768656
0.21346981
0.21220212
0.20680093
0.21024803
0.21503192
0.21081612
0.20960975
0.21168028
0.21740421
0.22981154
0.22537282
0.21614546
0.21990206
0.22278245
0.22380792
0.2177485
0.22304927
0.22442408
0.19831142
0.14891027
0.12088082
0.12967705
0.14381391
0.16928795
0.18704383
0.19669006
0.20030392
0.19603022
0.19324917
0.19199283
0.19407047
0.20379733
0.20807139
0.20569866
0.21018129
0.20813264
0.20652834
0.20226859
0.19183455
0.1911751
0.19167329
0.19666199
0.20659335
0.20698097
0.20401699
0.21324683
0.22242158
0.20233452
0.20310049
0.2105563
0.19546637
0.21648393
0.24567462
0.25137846
0.25415531
0.25802874
0.26379576
0.25701691
0.25110965
0.26278062
0.26817317
0.26722068
0.26264351
0.26758487
0.26584833
0.26528551
0.26231949
0.25578727
0.26233283
0.26207912
0.25915067
0.25667171
0.25741609
0.26066647
0.25713728
0.24635646
0.24460646
0.24727547
0.24554349
0.24453052
0.24797823
0.24026167
0.23195214
0.22782065
0.21895526
0.22925472
0.2322739
0.21879873
0.22263065
0.22990195
0.22558672
0.22011045
0.21949557
0.21644567
0.21455225
0.21138402
0.20974339
0.21664419
0.22580065
0.22687398
0.2284706
0.23131808
0.2270384
0.21946644
0.23155239
0.25115992
0.25350774
0.25691465
0.26265666
0.26117059
0.25720798
0.25570168
0.25603413
0.25813085
0.25469379
0.24797651
0.25104195
0.25183225
0.24657512
0.24756785
0.24728541
0.24077436
0.23618416
0.23554873
0.23434187
0.23999236
0.23857319
0.23090839
0.22611303
0.22158377
0.22003273
0.21795847
0.21479112
0.21110441
0.21376905
0.21803135
0.21430957
0.21315168
0.20934974
0.20877903
0.20803586
0.20955786
0.21515268
0.16188639
0.11179643
0.11239676
0.1229703
0.15643456
0.19067063
0.20712446
0.21135945
0.20883351
0.19916581
0.20069729
0.21203126
0.21350363
0.20867616
0.20739496
0.21996587
0.23337186
0.23803144
0.23861967
0.23733035
0.24633473
0.25680755
0.25413569
0.25152421
0.25532188
0.2570141
0.25504533
0.25574461
0.25687162
0.26273583
0.26652408
0.25812771
0.25264973
0.24850097
0.24632953
0.25122478
0.253833
0.25484229
0.25757088
0.26127223
0.25813129
0.25346473
0.25327579
0.25406076
0.25474813
0.2517961
0.25083602
0.25380688
0.24613742
0.2328812
0.22655177
0.22304543
0.22571696
0.22094339
0.21334206
0.21564889
0.21719341
0.21627731
0.21636499
0.22281991
0.22272349
0.21814238
0.21908851
0.22532754
0.24208497
0.25587053
0.26113386
0.26506796
0.25900112
0.25463201
0.25699357
0.25165427
0.25263639
0.25589685
0.25160075
0.24855605
0.24880463
0.25067947
0.25347953
0.25313608
0.25209133
0.24844709
0.24730594
0.25412314
0.25304554
0.23994932
0.22306429
0.22281493
0.22663341
0.22011009
0.21900445
0.21889135
0.21941828
0.21871322
0.2135567
0.21105209
0.21151374
0.21048269
0.20979064
0.2127355
0.21447714
0.21675407
0.2157431
0.21303796
0.21803465
0.21762665
0.21102699
0.21094324
0.21003367
0.20860064
0.21063263
0.21158637
0.20670784
0.20559783
0.21181583
0.2122769
0.20743639
0.20807767
0.21335643
0.21094769
0.20620525
0.20799149
0.2086995
0.20686165
0.21361742
0.21654806
0.21015524
0.20535453
0.20874441
0.21124655
0.20263027
0.20634095
0.21072509
0.21168908
0.21251331
0.20838164
0.20881748
0.20851762
0.20760532
0.20635737
0.2093197
0.21289272
0.21452704
0.21495587
0.21481746
0.21451799
0.2119177
0.20824277
0.20553885
0.21086057
0.21412253
0.21635029
0.22071686
0.21406411
0.21242189
0.21133119
0.20832355
0.21018004
0.20866482
0.20389098
0.20713824
0.20873804
0.20678806
0.20851115
0.20545022
0.20235682
0.20033713
0.1963088
0.19448741
0.19340835
0.19430304
0.19630825
0.20039308
0.20265462
0.19535815
0.19840047
0.2082484
0.21518119
0.21814795
0.21499509
0.21107458
0.21290967
0.22158748
0.22662341
0.22549704
0.22509481
0.22437623
0.2244141
0.22488769
0.22612274
0.22981638
0.22999466
0.22352762
0.22009854
0.22026376
0.21772856
0.21589482
0.21968865
0.22594508
0.22736074
0.23071663
0.23201259
0.23156467
0.22805206
0.22439793
0.22765482
0.23172002
0.23318653
0.229727
0.2260269
0.21953342
0.21813253
0.22100669
0.22120217
0.2212228
0.21862315
0.2177956
0.21519513
0.21173258
0.21106513
0.20881073
0.21418125
0.22159185
0.22514949
0.23016973
0.2276452
0.22769412
0.22917092
0.22341792
0.21592836
0.2143077
0.21710674
0.22275027
0.21995739
0.21171274
0.21079745
0.20880908
0.21121958
0.21467181
0.17730306
0.13314966
0.12424156
0.12472313
0.14090847
0.18882242
0.22935741
0.23916412
0.2455699
0.24935416
0.24856066
0.24305978
0.23833089
0.24157818
0.24192353
0.23834949
0.24284424
0.25096119
0.24570139
0.23753502
0.237837
0.23367379
0.22842746
0.22668512
0.23250372
0.23545277
0.23083031
0.22688284
0.23032229
0.23220646
0.22963161
0.22662567
0.22828217
0.2292584
0.2284134
0.22357637
0.22064139
0.22811352
0.23440855
0.23627524
0.23782699
0.24339481
0.2455206
0.24429408
0.23816522
0.23020554
0.22923653
0.23246054
0.23353085
0.23470894
0.2344529
0.23243015
0.23356144
0.23121596
0.22590948
0.2204289
0.21721323
0.22329533
0.22878937
0.22294543
0.22382673
0.23221328
0.23111721
0.23225591
0.23012008
0.22284124
0.22589821
0.22823499
0.21984179
0.21624446
0.22023201
0.22216802
0.22571361
0.23030555
0.22818768
0.2296911
0.2342817
0.23840138
0.23939136
0.23446058
0.23493963
0.23423003
0.23488291
0.2326224
0.22225696
0.21874723
0.21840637
0.22191342
0.22600305
0.222853
0.2254376
0.22606262
0.22512673
0.22772079
0.22396914
0.21847795
0.21764167
0.22146472
0.16631698
0.10705257
0.11359912
0.12531432
0.17896369
0.24008189
0.25241784
0.25554299
0.24272511
0.22893967
0.23865777
0.25901517
0.27479486
0.26903088
0.26167006
0.26161845
0.25890767
0.25533376
0.24473753
0.24143459
0.24498357
0.24855437
0.24313719
0.23506137
0.23319169
0.22149261
0.21479898
0.21603135
0.22195877
0.22542734
0.22173376
0.22861692
0.21846781
0.20311966
0.20078634
0.19694169
0.20635659
0.22094663
0.21771136
0.20734359
0.21070875
0.20609821
0.20230159
0.20940847
0.20680778
0.20650279
0.21388236
0.21894675
0.21477281
0.20924774
0.20945296
0.20943727
0.20713838
0.20955378
0.20865685
0.20874267
0.20815164
0.20278987
0.14432843
0.05529457
0.03247
0.03113186
0.02390395
0.02544531
0.0302263
0.0224697
0.02618029
0.05210721
0.07579604
0.11422347
0.14839197
0.15322571
0.16222402
0.17014437
0.17056461
0.17781511
0.1738577
0.17542096
0.17437902
0.1656456
0.17103976
0.17837406
0.13505126
0.060431
0.02998763
0.03204166
0.03940961
0.06431255
0.09011115
0.11946119
0.15274944
0.1707772
0.18676966
0.19292341
0.18985184
0.19037791
0.1944686
0.19374668
0.19639195
0.21194185
0.22401175
0.22846155
0.22809396
0.22478316
0.14850606
0.06136437
0.05019598
0.05988472
0.07231436
0.12873051
0.1939368
0.20763061
0.2133252
0.21179735
0.2090763
0.21111761
0.20862107
0.20179318
0.20418114
0.21082843
0.20503993
0.20754937
0.20925573
0.1889331
0.15922599
0.14530924
0.14146558
0.15247045
0.16673075
0.16335657
0.15409633
0.1414121
0.14614847
0.15544685
0.13940376
0.13658712
0.14820586
0.14568053
0.14656076
0.14571267
0.12650626
0.10669732
0.07423169
0.0592736
0.0578965
0.04467479
0.03846668
0.04372192
0.0534354
0.04580091
0.04093513
0.03715266
0.0391119
0.04224236
0.04107884
0.06250864
0.08253529
0.10057986
0.13727819
0.15775992
0.17126198
0.18082933
0.182139
0.19218999
0.19771871
0.1931602
0.18974424
0.18296505
0.17784736
0.17611582
0.17221249
0.18301907
0.18404343
0.17630312
0.17604954
0.17642942
0.17536345
0.17293103
0.17948284
0.18619526
0.18731582
0.18082955
0.17560178
0.17526071
0.17687956
0.17268425
0.16958979
0.17665526
0.17269113
0.17410983
0.18391983
0.18164509
0.17386838
0.16980507
0.17517584
0.17732529
0.17899584
0.18309176
0.17965799
0.17642375
0.17523167
0.16984217
0.17222445
0.17475523
0.17330517
0.17508977
0.16983389
0.162511
0.16079985
0.15928218
0.15931514
0.16111038
0.15646867
0.15896944
0.15965825
0.15715259
0.16011623
0.15427203
0.14944004
0.1560743
0.16096168
0.16152219
0.15900488
0.14835786
0.13906814
0.13740194
0.14326278
0.13630206
0.09181785
0.0559559
0.05191076
0.03944152
0.05931362
0.10344393
0.11567693
0.12593023
0.13894065
0.14242554
0.13673852
0.13869004
0.14082971
0.14088828
0.14081328
0.13930229
0.14653268
0.14362977
0.13943751
0.14531053
0.14858738
0.14648936
0.14436489
0.13705178
0.12628917
0.13112303
0.14513775
0.1372951
0.12994022
0.13738582
0.1333101
0.12876415
0.1293464
0.12599926
0.12606233
0.12284133
0.12257295
0.12801905
0.12776599
0.12883284
0.12857033
0.12402715
0.12846151
0.13240828
0.1295241
0.13185613
0.13248896
0.12641203
0.11791166
0.11058208
0.10620608
0.10264573
0.11365445
0.12994241
0.13536112
0.13370859
0.12881345
0.12551382
0.12363703
0.12248883
0.12523896
0.13249986
0.13554807
0.13567046
0.13794268
0.1350865
0.1287388
0.1299089
0.13381982
0.13659454
0.13794126
0.13346227
0.13902722
0.14807473
0.14655134
0.14703346
0.14706604
0.14823619
0.15209106
0.15070709
0.14636781
0.14046167
0.13470416
0.14000141
0.14754321
0.14774035
0.14382352
0.15078736
0.16479617
0.16457721
0.1538864
0.14148807
0.14521941
0.14969934
0.14166003
0.13620204
0.13485661
0.13674949
0.13941655
0.13707687
0.14072763
0.15067964
0.14704005
0.12982383
0.11939719
0.12098188
0.11978548
0.10585393
0.09425561
0.09643158
0.10691849
0.11986639
0.13928211
0.15710254
0.16110953
0.16615791
0.15759684
0.14868324
0.15743997
0.16732723
0.17135097
0.17329799
0.17189805
0.16522945
0.16675398
0.16899502
0.16887437
0.1687403
0.16643384
0.16147908
0.15935846
0.15865305
0.15687138
0.15522178
0.15552224
0.16153771
0.15654672
0.15594637
0.158142
0.15308869
0.1460764
0.14633804
0.15695261
0.15687738
0.15045581
0.1487877
0.14700922
0.15343107
0.15746201
0.15357005
0.15827884
0.16258666
0.16757155
0.16779648
0.16138778
0.16007432
0.16501033
0.16701897
0.15438588
0.15073773
0.16688569
0.17000797
0.1555276
0.15714003
0.17165467
0.17674347
0.16549476
0.16462704
0.16942588
0.15456618
0.15545402
0.16805091
0.16252274
0.1532352
0.15443402
0.14788566
0.14732426
0.14997861
0.15455217
0.15898261
0.15780334
0.16710208
0.17361491
0.17612429
0.17948228
0.17974933
0.18013658
0.17586315
0.17642383
0.17573368
0.17333017
0.17533109
0.18078539
0.18922068
0.18014317
0.17922256
0.19114363
0.19311464
0.19382709
0.19265747
0.18166899
0.17664483
0.17487933
0.17158103
0.16659947
0.15456633
0.15097124
0.15042971
0.15268574
0.15363758
0.15084792
0.14749856
0.14118632
0.14100685
0.13747748
0.13773227
0.13864723
0.14185996
0.15228519
0.14803545
0.1484431
0.15169081
0.14847215
0.1454448
0.15008762
0.15981936
0.1585611
0.15689925
0.15538176
0.15373601
0.15651125
0.15831771
0.15712651
0.15813159
0.15815545
0.15690406
0.15438713
0.15287447
0.15855696
0.16153686
0.15718189
0.15806627
0.1639743
0.16505585
0.1619329
0.15824439
0.14840722
0.12504454
0.09804219
0.11184983
0.1637927
0.18458385
0.18433347
0.19878369
0.20553228
0.20161412
0.20330871
0.19783242
0.1871665
0.19806465
0.21032092
0.2111412
0.20252891
0.19340227
0.18733321
0.19206373
0.20292458
0.20097923
0.19969356
0.2012263
0.19959757
0.19821163
0.19985025
0.20061369
0.19712907
0.19521985
0.20468106
0.20239928
0.19179937
0.18133608
0.16573781
0.15051137
0.14115892
0.14450699
0.14675705
0.14958932
0.1470537
0.14092627
0.14185624
0.14435126
0.14387273
0.14211542
0.14719529
0.15064168
0.15356287
0.15840376
0.16176041
0.17234876
0.18345861
0.18989107
0.19389956
0.193067
0.18820793
0.18303846
0.18541492
0.19284944
0.19126009
0.18598486
0.18981696
0.18772454
0.17446948
0.1690708
0.1737853
0.17261337
0.1695049
0.16675898
0.17469341
0.18553274
0.18891314
0.19299939
0.1938627
0.1889344
0.19048363
0.20354306
0.21442202
0.21447178
0.2174343
0.22091985
0.21254854
0.20859433
0.21218132
0.22541571
0.23263532
0.23165334
0.23044199
0.22876992
0.23365547
0.23898454
0.232024
0.22529092
0.22829332
0.23123012
0.22815534
0.23048546
0.2372364
0.23182952
0.22578858
0.23209305
0.18656091
0.11202945
0.0904515
0.09140013
0.11913381
0.14573395
0.15107344
0.15695581
0.16808059
0.18405077
0.18644006
0.17801724
0.18294354
0.19333315
0.19564588
0.20119192
0.19597299
0.18874445
0.19095636
0.19461674
0.19570987
0.1908015
0.18171865
0.17773431
0.1818526
0.1805649
0.17508964
0.17493412
0.17935525
0.18575003
0.19221757
0.19080573
0.19036771
0.19361079
0.18921789
0.1885889
0.18933185
0.18326466
0.18054408
0.18911484
0.19403709
0.19437853
0.19837671
0.2010415
0.19851945
0.19626353
0.19114061
0.18868471
0.18915589
0.1842031
0.18257673
0.18859458
0.1886591
0.18869674
0.19300935
0.18290289
0.17570032
0.1811691
0.18126857
0.17691771
0.19365151
0.19685464
0.18804086
0.18617271
0.18379957
0.18729248
0.19658339
0.19678426
0.18619589
0.18736949
0.18974151
0.18523002
0.17798824
0.18308467
0.19175225
0.19521121
0.18421723
0.17905591
0.18653231
0.17919732
0.1830224
0.18838248
0.19039599
0.19397109
0.19501754
0.19077921
0.17802277
0.17721314
0.17181074
0.16748385
0.17637361
0.18016468
0.17715218
0.17658216
0.18646152
0.1836905
0.17379718
0.18116877
0.18673265
0.19652947
0.2112165
0.20993297
0.20097514
0.20101361
0.20615203
0.19885073
0.19069695
0.20189062
0.21165075
0.21327961
0.21492672
0.20744417
0.22335363
0.2461943
0.24707811
0.24109105
0.23802425
0.24797278
0.2531076
0.25969514
0.2655724
0.26558347
0.26705376
0.26882888
0.27087627
0.26117675
0.26079381
0.26615984
0.25969451
0.25675155
0.2545051
0.25328359
0.25186505
0.25458636
0.25953216
0.25573134
0.24968185
0.25058844
0.25459247
0.25280445
0.25227548
0.25273114
0.24648265
0.24516294
0.25247426
0.25445386
0.2345587
0.16031425
0.10506084
0.11507581
0.14747707
0.18315185
0.20818525
0.22026648
0.22276988
0.2259421
0.2261697
0.22943619
0.23076975
0.23047854
0.23089159
0.23207315
0.23200512
0.23038727
0.23422096
0.23713696
0.23229411
0.23036702
0.23342622
0.22985927
0.22675369
0.23307079
0.2345827
0.2338213
0.23770852
0.24049222
0.23443555
0.22614935
0.21038058
0.19928691
0.19427919
0.18719088
0.2006734
0.19688873
0.17999223
0.20023012
0.2122898
0.20840709
0.2150402
0.21785103
0.21885741
0.21769774
0.21201763
0.20523889
0.20079644
0.20234778
0.20365613
0.19745313
0.19801634
0.19784804
0.20438303
0.21208105
0.2104378
0.21209094
0.22188175
0.21730429
0.2066483
0.20727601
0.198586
0.20122769
0.20971362
0.21390279
0.21783515
0.2190525
0.21998835
0.22319833
0.23222019
0.23266946
0.22966291
0.22720756
0.22024893
0.218055
0.21713475
0.21381053
0.21582826
0.21884117
0.21910844
0.21421525
0.20770951
0.20408471
0.20620356
0.20657201
0.20044034
0.20222887
0.2102128
0.2126471
0.21038771
0.20555399
0.20703428
0.2099452
0.20421643
0.19779491
0.19680655
0.19911344
0.20137444
0.20292714
0.19980102
0.19275831
0.19381343
0.19661333
0.19729577
0.20421322
0.20339158
0.19927906
0.20081814
0.20229451
0.20536404
0.209824
0.2219162
0.22623922
0.21821266
0.21700422
0.22076909
0.21932803
0.21707074
0.2167016
0.2130946
0.21424121
0.21549575
0.21533974
0.21483399
0.21406129
0.15852194
0.0984325
0.10045561
0.1090827
0.11048555
0.12553275
0.15688574
0.18842774
0.20239253
0.20074494
0.20950946
0.20530096
0.19929023
0.21038612
0.21319058
0.20723284
0.20768277
0.20493733
0.18392119
0.17168043
0.17599407
0.17808628
0.19556742
0.21670182
0.21427906
0.21357419
0.21550463
0.20904731
0.20334764
0.20526366
0.21136498
0.21104351
0.21388287
0.2235684
0.23020528
0.23391348
0.23003686
0.22544947
0.22079037
0.21328543
0.2106337
0.21616914
0.2238485
0.22633364
0.22138426
0.22016038
0.21984504
0.21832388
0.21864301
0.21569615
0.2173622
0.21850932
0.21636196
0.20951318
0.21105565
0.21405903
0.21477289
0.22215191
0.22018448
0.21558809
0.21655247
0.20872714
0.20081096
0.20367084
0.20593917
0.21041284
0.21562315
0.21932272
0.22004131
0.2137587
0.21237856
0.21048287
0.21235099
0.21828125
0.21353209
0.21042306
0.21585927
0.22338463
0.22133269
0.21459237
0.21557237
0.21652697
0.21901052
0.18878636
0.1277393
0.09960614
0.11046255
0.14393204
0.18306544
0.19582706
0.19276227
0.19762089
0.19784104
0.19631994
0.19601791
0.19293002
0.19708269
0.19793283
0.19528825
0.20048534
0.19910069
0.20350617
0.2007122
0.20080006
0.21113626
0.20838819
0.20673473
0.20282439
0.19933581
0.20490194
0.20548365
0.20477558
0.2091839
0.20788065
0.20442452
0.20342343
0.20309789
0.2039773
0.20754093
0.21325029
0.21643121
0.21709121
0.21916963
0.21799161
0.22071803
0.22357979
0.2238667
0.21781415
0.22138474
0.22881644
0.22365323
0.21549317
0.20830724
0.20739518
0.20946813
0.21590894
0.21734114
0.21680533
0.22853961
0.24031854
0.23917021
0.22869064
0.22977322
0.24177822
0.23694915
0.23266407
0.23376456
0.23507495
0.23777958
0.23496179
0.23034433
0.2357101
0.23767351
0.23652424
0.2418973
0.23767179
0.23059518
0.22984792
0.23212824
0.23331677
0.23394398
0.23017211
0.22662209
0.22932316
0.236159
0.23477793
0.22821736
0.23243098
0.23663864
0.23900741
0.24280583
0.23764866
0.2347308
0.17421969
0.11340829
0.11198059
0.11341031
0.12304191
0.13184044
0.12541823
0.12101445
0.12624172
0.12255468
0.12133771
0.11939128
0.12075884
0.14009199
0.19288742
0.24975349
0.26753719
0.27100064
0.27925559
0.27717501
0.27748667
0.2822353
0.28551918
0.28418735
0.27194954
0.27338555
0.26693893
0.25054963
0.24340452
0.24277987
0.23666368
0.22195359
0.22105443
0.21251574
0.18203008
0.17338103
0.18511244
0.19468296
0.20595966
0.20468706
0.20627658
0.2222284
0.21193123
0.21077257
0.21856693
0.21254199
0.21474688
0.21376475
0.21284928
0.21005263
0.20473733
0.20139021
0.2086246
0.21052125
0.20230859
0.20211304
0.2023043
0.19860494
0.21038985
0.2215746
0.23433641
0.24268407
0.23084249
0.22830219
0.23712583
0.24372111
0.24400994
0.24510983
0.2431718
0.24282651
0.2419027
0.23647436
0.24006543
0.24181064
0.23879737
0.23838311
0.24191047
0.24104951
0.23709759
0.2374236
0.24218599
0.24458601
0.24007374
0.23785934
0.24253861
0.2460994
0.24428861
0.2435209
0.24249873
0.24086046
0.20901335
0.14750632
0.11739841
0.11114351
0.10982959
0.13021927
0.16272355
0.19553689
0.22080068
0.22833171
0.22657369
0.23185992
0.23888817
0.23755614
0.22372697
0.2144415
0.22499655
0.23047096
0.22897205
0.22442589
0.2226202
0.23820065
0.24373687
0.22803801
0.22119303
0.22626239
0.23064976
0.22396482
0.21318136
0.22035847
0.23185182
0.23124188
0.22372474
0.22663133
0.23285759
0.22340121
0.21735805
0.22444409
0.2287603
0.22958338
0.2348314
0.23946758
0.23929458
0.23388634
0.23124154
0.2300265
0.22956835
0.22926268
0.23121891
0.23371369
0.23442403
0.2318395
0.2310169
0.23305968
0.22565753
0.2209419
0.22153028
0.21958183
0.21558596
0.21847545
0.22247201
0.21625854
0.22246111
0.23086472
0.22589002
0.21703495
0.21819008
0.22930624
0.2304005
0.22490944
0.22896415
0.23409222
0.229061
0.22473426
0.21579804
0.20476157
0.19894351
0.19818564
0.19360929
0.1903027
0.19710985
0.19973813
0.19691264
0.19904638
0.19843472
0.19639059
0.20260783
0.20690632
0.21237802
0.21977814
0.22419718
0.22417402
0.22266391
0.224423
0.21987218
0.21600859
0.2194708
0.22618808
0.22568321
