0.21398546624122466
0.2155906743678887
0.21777841
0.2144431
0.21430676
0.21374377
0.22042624
0.22123986
0.20469148
0.18690054
0.18169831
0.13724671
0.12977109
0.1841609
0.20414515
0.18477212
0.15651115
0.11590702
0.07226189
0.09590913
0.15508783
0.19822605
0.1887669
0.17158147
0.18316738
0.20942322
0.25208406
0.21270818
0.1800626
None
0.21483537
0.19467904
0.16708629
0.17521929
0.19161377
0.20077193
0.19154265
0.21057114
0.22229907
0.17711257
0.17524704
0.19789021
0.19562654
0.15887717
0.12708869
0.15000651
0.1765507
0.18215998
0.17761357
0.18356614
0.18594725
0.16934489
0.16165377
0.16747565
0.17806496
0.21228988
0.23455645
0.20856258
0.15913025
0.13177631
0.17506223
0.2123735
0.19831545
0.1752439
0.18700205
0.20183581
0.21588853
0.24098605
0.24274782
0.24026069
0.20755308
0.18084696
0.20089254
0.21275603
0.20676954
0.20346363
0.19987482
0.19769522
0.19336447
0.1929885
0.19473014
0.19458366
0.19659402
0.19103407
0.18345441
0.1816775
0.18340057
0.18340057
0.18503638
0.19358887
0.19040367
0.18248125
0.18196213
0.18559306
0.19415624
0.19841724
0.19915434
0.21327741
0.23419903
0.24837932
0.25311404
0.25132974
0.25259674
0.25103542
0.25011011
0.25117625
0.25006598
0.24777093
0.24638513
0.25498706
0.26099189
0.25368591
0.2515619
0.25229737
0.24663176
0.22477792
0.14841531
0.0748858
0.0558469
0.06272845
0.08271203
0.12547715
0.17115476
0.18380186
0.18668136
0.18774824
0.18390249
0.17985111
0.18133384
0.18920532
0.19384443
0.1937986
0.18989302
0.18551562
0.18639846
0.19152154
0.19507191
0.19201873
0.189809
0.19071434
0.19027317
0.1882239
0.18930051
0.1938606
0.19104154
0.19229958
0.19690708
0.19561816
0.1923792
0.19470246
0.20464007
0.20371979
0.19705197
0.19668535
0.20176628
0.2061958
0.20515652
0.20160849
0.20181308
0.20501749
0.20501897
0.20534551
0.19539941
0.18519043
0.1829018
0.18855183
0.19146644
0.18669886
0.19231879
0.20061144
0.20070234
0.19752426
0.19543854
0.19841628
0.20047029
0.19746311
0.20204352
0.20571994
0.20366016
0.20609923
0.2098009
0.20925638
0.20672968
0.2110008
0.21287617
0.21067354
0.214338
0.21577687
0.21535112
0.21368001
0.21220432
0.21247569
0.21069032
0.20688854
0.20665971
0.21157134
0.21570092
0.21068279
0.21229847
0.21592266
0.21351384
0.21391555
0.21166534
0.21302039
0.21650287
0.21390724
0.21514719
0.2164507
0.21757132
0.21655158
0.21465659
0.21921584
0.21996931
0.21888701
0.22121684
0.21812922
0.2208572
0.22370757
0.22102458
0.21922227
0.2218623
0.22613978
0.22438272
0.22465524
0.22415992
0.22598541
0.23367192
0.23371864
0.23112122
0.23066573
0.22452533
0.22365194
0.22124819
0.22124819
0.22057748
0.22031719
0.22134434
0.22377556
0.22331091
0.2186858
0.21883018
0.21529796
0.21309058
0.21693755
0.21681798
0.21364173
0.21293872
0.21149867
0.21161484
0.21161484
0.21483875
0.2132364
0.21209334
0.21551149
0.21995189
0.22398023
0.22206362
0.21872099
0.21698617
0.21725108
0.22176316
0.22501473
0.22377017
0.21796795
0.21205366
0.21381053
0.21585078
0.21553602
0.21799346
0.21692341
0.21317259
0.21480473
0.21541366
0.21483547
0.21387621
0.21657047
0.2233841
0.22635481
0.2240148
0.22236984
0.2214339
0.21993199
0.21702421
0.21417675
0.21371211
0.21541389
0.21324299
0.21021183
0.21642452
0.22133105
0.21848483
0.21521509
0.2157846
0.21433604
0.19163091
0.12498886
0.07470054
0.07546443
0.10320558
0.14624902
0.17709943
0.18807784
0.19018487
0.19340858
0.19638798
0.20160037
0.20358187
0.20561506
0.20516601
0.20752333
0.2127437
0.2111877
0.20956828
0.20707872
0.20758047
0.21081392
0.21011003
0.20897343
0.20699763
0.20236303
0.20431143
0.2087082
0.20946201
0.20706165
0.20533251
0.20767453
0.20556503
0.20143553
0.2024664
0.2024664
0.20108635
0.20153137
0.20208165
0.20503445
0.20854814
0.21108155
0.20978039
0.20467098
0.20552394
0.20664433
0.20432837
0.20475684
0.19987799
0.19750731
0.20147109
0.20143553
0.20007655
0.19880743
0.19880743
0.19825755
0.1988434
0.19887897
0.20176529
0.2071173
0.20703048
0.20420329
0.20511988
0.20774178
0.20633972
0.20611202
0.20663104
0.20988271
0.21050606
0.2069865
0.20877573
0.20891043
0.20450685
0.20384006
0.20568644
0.20450685
0.19899139
0.19413642
0.19845428
0.20428855
0.20523012
0.19954143
0.1934312
0.19195903
0.19140915
0.19276032
0.19295769
0.19340272
0.19600788
0.19568385
0.17527697
0.1150779
0.06787382
0.06295117
0.06931177
0.08863816
0.1212666
0.1582791
0.17025233
0.16313683
0.1667607
0.17729461
0.18181074
0.17991337
0.1810526
0.18484694
0.18697361
0.18782606
0.18949256
0.19022233
0.18860371
0.18783181
0.18604939
0.18818419
0.19480979
0.19664535
0.1929048
0.18945213
0.19054471
0.18939618
0.18754044
0.19135771
0.19503194
0.19881814
0.20741957
0.21069932
0.20451693
0.20156641
0.19899127
0.19913555
0.20171069
0.19694343
0.19546218
0.20000355
0.19591586
0.19613864
0.19356473
0.19164497
0.19533814
0.1920016
0.19360673
0.19384351
0.19366946
0.19461333
0.19539788
0.19482437
0.19403982
0.19393333
0.19573742
0.19663344
0.19728363
0.19747114
0.19734388
0.19678328
0.19579455
0.1932616
0.18958332
0.1894464
0.18788051
0.18939298
0.19287623
0.19592042
0.19686833
0.19506271
0.19300819
0.1903742
0.19029527
0.1901396
0.19285169
0.19674775
0.19814003
0.19939591
0.2008562
0.20103928
0.20444909
0.20863027
0.204665
0.20370185
0.21114357
0.21169344
0.20850108
0.20930552
0.20572997
0.20149747
0.20074069
0.20074069
0.19897728
0.19554384
0.19606196
0.19587148
0.19352594
0.19566833
0.20075208
0.20163105
0.20012722
0.2029268
0.20421664
0.20222389
0.20338848
0.20479642
0.20287938
0.20344622
0.20643289
0.20823081
0.21135174
0.21380196
0.21025198
0.20811274
0.21015506
0.20966544
0.2127118
0.20845133
0.1375453
0.06792221
0.06306455
0.0717131
0.09082485
0.13829456
0.17841323
0.18854885
0.19385119
0.19314797
0.19184267
0.19028437
0.19138288
0.19219873
0.18799729
0.18455544
0.18428946
0.18352445
0.1867702
0.19585164
0.20202985
0.20348525
0.20438567
0.20272894
0.19110383
0.18059111
0.17960512
0.18554631
0.18170457
0.17248296
0.17175681
0.17365911
0.16263692
0.13704149
0.13681849
0.14070911
0.13640124
0.13596366
0.13272528
0.12790749
0.12477388
0.13096358
0.12937457
0.12436534
0.11961205
0.12041026
0.12423269
0.11579389
0.11214006
0.10515688
0.10362326
0.12882385
0.13202858
0.12595695
0.13279063
0.13331026
0.12894874
0.12309367
0.12761654
0.13030834
0.12631341
0.11762209
0.11152984
0.1143454
0.11838038
0.1172083
0.11722498
0.11758995
0.11891742
0.12720345
0.13588282
0.13833896
0.1383052
0.14362207
0.14852392
0.14533501
0.14425498
0.14470261
0.13895006
0.1358363
0.13250605
0.1327051
0.1447702
0.13792934
0.15669095
0.20137948
0.23516655
0.26440119
0.27237226
0.27502525
0.28096865
0.27752673
0.27326475
0.27835861
0.28362762
0.28898056
0.28386593
0.2732089
0.27296626
0.26912675
0.26176477
0.26688159
0.26818084
0.26614848
0.25977045
0.25562278
0.25397232
0.24720976
0.25572146
0.2584964
0.25330021
0.26244752
0.26719629
0.26186665
0.25950463
0.26157607
0.25755375
0.25318323
0.25132023
0.2519898
0.25378232
0.25572184
0.26232376
0.26714968
0.26695787
0.26438755
0.25989581
0.25660044
0.25418045
0.20385819
0.1220312
0.07557407
0.05678618
0.05985387
0.08452036
0.14116691
0.19514029
0.22106359
0.23419854
0.23482564
0.23874428
0.24289396
0.24445933
0.24204748
0.24083365
0.23920883
0.23906135
0.24736292
0.25108448
0.252766
0.252766
0.25017581
0.25341826
0.25843556
0.26406862
0.25928693
0.25222916
0.25079224
0.25008154
0.25054172
0.2488138
0.24741413
0.24575747
0.25105465
0.26165268
0.26415799
0.26273906
0.2664405
0.2711175
0.27490951
0.27652269
0.27464809
0.27141761
0.26858956
0.27191598
0.27771714
0.2733
0.22006107
0.11215871
0.0521613
0.04269895
0.03511374
0.03659665
0.04152424
0.05736876
0.05690844
0.07163209
0.14441355
0.20999888
0.22828551
0.23728387
0.25312089
0.26132491
0.26286414
0.26520959
0.2670526
0.26669621
0.27360164
0.2783387
0.2743582
0.27427981
0.27046909
0.26928764
0.27110207
0.26643644
0.26453592
0.2644331
0.26657098
0.26881167
0.26881167
0.27079405
0.27367346
0.27526832
0.27591365
0.27598567
0.27619278
0.27619278
0.27611019
0.27652827
0.27462404
0.27230172
0.27336515
0.27634599
0.27439959
0.2679452
0.27166435
0.27786367
0.27577332
0.27383427
0.27398557
0.27343621
0.2755431
0.2755431
0.26881298
0.26865429
0.27261774
0.27277643
0.27079405
0.27079405
0.27079405
0.27130253
0.27786884
0.2827281
0.28549184
0.28073037
0.26934794
0.26454823
0.26652093
0.26677694
0.2653177
0.26464088
0.26151479
0.26151479
0.26541918
0.27192508
0.27719998
0.27312791
0.26650878
0.26476062
0.26750608
0.26632493
0.25897464
0.23052819
0.13498112
0.06535093
0.0629075
0.05337789
0.09924775
0.17993477
0.22040374
0.23906697
0.25520988
0.26138433
0.26037634
0.26619372
0.27061181
0.2685586
0.27190083
0.27776916
0.27780004
0.2799411
0.2817213
0.28348142
0.28546135
0.28550979
0.28456428
0.28357034
0.28411577
0.28524435
0.28524435
0.28055415
0.28049516
0.28676769
0.28657424
0.28586169
0.28748426
0.28235079
0.28151067
0.28382602
0.28380483
0.2857587
0.28793007
0.28901748
0.28810165
0.28801748
0.28784505
0.29272092
0.29919937
0.30030333
0.3026673
0.3054753
0.29760873
0.30023321
0.30578588
0.3003053
0.30077746
0.30199397
0.30038546
0.3052286
0.31350294
0.31555716
0.31931303
0.31975336
0.31886639
0.31848315
0.31429011
0.31150673
0.30924098
0.30505019
0.29303876
0.28385792
0.28775648
0.29260673
0.29363566
0.29107165
0.28620697
0.28487853
0.28385288
0.28030387
0.27842998
0.28013482
0.27984478
0.28075084
0.2817126
0.28263882
0.28563434
0.28565072
0.28553544
0.2805955
0.2783698
0.28063765
0.28536989
0.2905296
0.29051319
0.28746256
0.28457204
0.27322404
0.18981462
0.10193854
0.06715236
0.05078235
0.0594794
0.05377813
0.0985202
0.18332307
0.23580413
0.26749972
0.27491377
0.27508527
0.27937802
0.27731483
0.27152944
0.27599163
0.28297422
0.28986333
0.28943324
0.28512091
0.28814329
0.29052962
0.28855007
0.28517664
0.28149869
0.28410134
0.29136752
0.28166861
0.26494208
0.25663163
0.25332342
0.25832674
0.25612632
0.25462685
0.25691595
0.24993349
0.23957448
0.23306235
0.23331048
0.23378624
0.25175686
0.27027663
0.27337994
0.28842244
0.29767534
0.29146763
0.29306539
0.29791248
0.29989241
0.30196565
0.29505165
0.29705879
0.29845204
0.29150382
0.25789605
0.15758947
0.07928815
0.06925495
0.10290775
0.18043105
0.23967811
0.25899529
0.26832923
0.2697822
0.27160826
0.27533904
0.27582659
0.28173759
0.28708281
0.28782513
0.28471643
0.27720565
0.27703752
0.27276288
0.26770712
0.27021974
0.27078569
0.27331912
0.2769171
0.27387193
0.2676425
0.26608876
0.26608876
0.26608876
0.26805624
0.27322746
0.27648137
0.27611346
0.27631134
0.27235578
0.26879467
0.27416989
0.2757144
0.27018037
0.27018037
0.27289413
0.27660652
0.27622091
0.27484692
0.27260262
0.26952574
0.27140286
0.267592
0.2581541
0.25887439
0.26135439
0.25756623
0.26015333
0.26390099
0.25929482
0.25736881
0.2630749
0.26753872
0.27023066
0.26629572
0.26649376
0.26649638
0.18686132
0.08137592
0.04190073
0.03536192
0.05996522
0.10361409
0.14416047
0.18706794
0.23434113
0.25655466
0.25712124
0.26104231
0.26108888
0.25847826
0.2595944
0.2595944
0.25875432
0.26098221
0.26077969
0.25820759
0.25458082
0.24960063
0.24585237
0.24373872
0.24253781
0.23617653
0.2346835
0.23905404
0.24034782
0.23858007
0.23982711
0.24356905
0.24617822
0.24193685
0.2370671
0.23748519
0.23550439
0.23906551
0.24894023
0.25462823
0.25259334
0.25324063
0.26093927
0.26499455
0.26723685
0.26859768
0.26116528
0.25439447
0.255131
0.25919477
0.26287615
0.26283367
0.26093448
0.25957368
0.25873292
0.25932579
0.26066121
0.26226207
0.26276809
0.26304196
0.25554745
0.24908207
0.25204432
0.25544785
0.25516849
0.25985535
0.26476329
0.26167906
0.25763757
0.25875711
0.19876489
0.09735236
0.05223379
0.04421518
0.04676097
0.04171201
0.03886571
0.04292614
0.05674798
0.09367984
0.12413753
0.13530109
0.13410532
0.13697085
0.14690956
0.15226094
0.15667118
0.16302102
0.1710069
0.17133741
0.16597319
0.16605674
0.17005966
0.17204488
0.17715586
0.18684592
0.1833699
0.17746367
0.18139515
0.18734858
0.18926766
0.18381661
0.18033428
0.17904142
0.18159253
0.18087952
0.17443148
0.1721349
0.17245128
0.17511842
0.17713378
0.18826523
0.19770689
0.19501009
0.19501009
0.19359603
0.18770207
0.19109378
0.19991011
0.20229904
0.20277056
0.20060044
0.19843033
0.19891756
0.19747864
0.19353203
0.19381213
0.19381213
0.19334715
0.19518271
0.19518271
0.19703046
0.20230951
0.2046121
0.20118957
0.19518084
0.1877176
0.18817381
0.18675945
0.18394839
0.18944654
0.1922994
0.19752905
0.20015776
0.19906398
0.19294722
0.18363811
0.18227945
0.18218614
0.18215361
0.18573211
0.18822193
0.18768313
0.18760132
0.18800271
0.19015489
0.19288642
0.19052568
0.18873107
0.189658
0.190687
0.19189376
0.18959294
0.19064075
0.19185421
0.18836366
0.18578721
0.18697817
0.18886388
0.18648709
0.18788007
0.19023005
0.18646265
0.18664252
0.18895574
0.19011947
0.18932629
0.18987495
0.1950639
0.19443306
0.19126212
0.19126212
0.18857574
0.18626575
0.18571587
0.18690087
0.19010567
0.1921042
0.19275798
0.19110951
0.18726206
0.18656991
0.18731532
0.18587867
0.18673267
0.18865924
0.18883249
0.1849678
0.17789017
0.1765538
0.17857059
0.17934694
0.1778698
0.17947496
0.18166493
0.17639238
0.17861773
0.18414052
0.18628995
0.18872342
0.18872342
0.19029553
0.1922537
0.1937376
0.1938263
0.18473317
0.11871387
0.05457968
0.05028844
0.04838206
0.05128413
0.05869076
0.06621438
0.08952103
0.11305821
0.14057872
0.16460425
0.16790327
0.16714091
0.16971988
0.16765146
0.16574972
0.16769021
0.16600625
0.16056739
0.15487439
0.16019379
0.16347161
0.16042546
0.16218538
0.16469572
0.1668063
0.17205688
0.17837678
0.17971436
0.18035996
0.18100144
0.17972729
0.17869918
0.17987638
0.18153303
0.18416955
0.18605579
0.18418456
0.18285235
0.18196668
0.18664225
0.19221329
0.19693076
0.19911889
0.1969919
0.19620598
0.18921655
0.18469623
0.19072573
0.18961577
0.18783383
0.19300085
0.19478184
0.19690508
0.19632351
0.20327262
0.20370683
0.19508187
0.19651365
0.19989298
0.19964594
0.19934445
0.20406314
0.20247632
0.2004844
0.20148852
0.20148852
0.20296851
0.20273951
0.19871637
0.20206507
0.21046805
0.21157291
0.20908057
0.21079452
0.21350306
0.21667309
0.21586877
0.21256511
0.20721604
0.20180816
0.20245274
0.2028388
0.20411434
0.2056484
0.20330096
0.2039974
0.20634484
0.20455727
0.20721357
0.20737413
0.20206456
0.15319945
0.0929302
0.07062424
0.06409348
0.06390514
0.05904194
0.07146011
0.11430781
0.16085132
0.1832584
0.18998667
0.19240471
0.18847718
0.18864905
0.19059932
0.18793143
0.18796801
0.18735596
0.18558993
0.1858449
0.18601031
0.18658215
0.18715398
0.18715398
0.18803982
0.19381998
0.19786823
0.19841613
0.20169663
0.20318382
0.20125741
0.19948693
0.20052749
0.19755454
0.19292171
0.19446597
0.19458055
0.19526696
0.20098061
0.20060627
0.20305538
0.20108946
0.19780443
0.2057377
0.20313826
0.19598043
0.19557093
0.19332072
0.19197796
0.19330582
0.19186769
0.19201461
0.18929259
0.19014463
0.19384235
0.1951889
0.1991292
0.20011037
0.20034555
0.19753462
0.19559664
0.19694286
0.19531665
0.19542899
0.19687298
0.19323968
0.19180534
0.19181377
0.19089356
0.19497083
0.19541586
0.18652366
0.18788382
0.19172001
0.19408769
0.19643335
0.19804626
0.19765908
0.19840568
0.19976004
0.19447568
0.19178133
0.19078643
0.19279724
0.19273399
0.191075
0.19181286
0.19558197
0.19681002
0.19451428
0.19336316
0.19517993
0.1965367
0.19655097
0.19447788
0.19173919
0.19232284
0.19637467
0.19439243
0.19389691
0.19577626
0.19145997
0.1890874
0.19237951
0.19478319
0.19670751
0.19488769
0.19587561
0.19771355
0.19070602
0.1814071
0.17598453
0.17557059
0.17628306
0.17683334
0.17923137
0.18284754
0.18465814
0.18110854
0.18480749
0.19213217
0.19410631
0.19592687
0.1925419
0.19072717
0.1940224
0.19772073
0.1976551
0.19395677
0.19221588
0.19536393
0.19750417
0.19790353
0.19763312
0.19579407
0.19603885
0.19911768
0.20143862
0.20129747
0.19889087
0.19710163
0.19527614
0.19680503
0.19715096
0.19373025
0.19338433
0.19724057
0.20051647
0.20075165
0.19964717
0.19757523
0.19743356
0.19925829
0.20172636
0.20350114
0.20068881
0.19791964
0.19507664
0.18876621
0.18691263
0.1865881
0.18813367
0.18780788
0.18953171
0.1898575
0.19226157
0.19666223
0.19644545
0.19792699
0.19766971
0.19223219
0.12601264
0.07555854
0.07916692
0.06651532
0.05786675
0.07179936
0.10887618
0.14729734
0.17177561
0.17580591
0.17341735
0.17585915
0.17709878
0.17685244
0.17742473
0.1798345
0.18352041
0.18571432
0.187081
0.18792065
0.19058126
0.19553676
0.20115386
0.20121148
0.19707397
0.19510648
0.19087547
0.19062849
0.19062849
0.19086368
0.19356044
0.19413273
0.19566698
0.19297022
0.19219342
0.19594388
0.19539202
0.1972456
0.19539202
0.19211805
0.19211805
0.19532189
0.20086814
0.20665203
0.20660896
0.20633851
0.20086071
0.19535454
0.20115034
0.20222174
0.20218318
0.20241975
0.19890586
0.19690926
0.2050785
0.21230527
0.2131521
0.21009907
0.21050078
0.21278831
0.21153978
0.21063366
0.21282998
0.21318944
0.20867984
0.20522734
0.20099198
0.19599076
0.19756903
0.20119967
0.20310025
0.20353466
0.20349667
0.20697072
0.20867745
0.20918514
0.20753615
0.2052769
0.20531437
0.20581701
0.20651874
0.20867471
0.21416717
0.21703867
0.21593759
0.21354202
0.21163161
0.21188004
0.21211678
0.21219242
0.20819325
0.20576645
0.20757705
0.20757705
0.20757705
0.20797876
0.20607958
0.20383497
0.20389125
0.20700941
0.21065079
0.21045522
0.21179641
0.21577648
0.2176966
0.21750743
0.21811697
0.22015847
0.22140127
0.22174705
0.22174705
0.21948115
0.20675136
0.19895086
0.20006608
0.19991809
0.1979022
0.20213345
0.21303925
0.21594474
0.21407841
0.2139591
0.21938774
0.22490568
0.22673482
0.228634
0.22327541
0.21871222
0.21912406
0.21999188
0.22493862
0.22127324
0.22127324
0.22310949
0.21764791
0.21765805
0.21945424
0.21945424
0.21950443
0.22156208
0.21977863
0.21593754
0.21593754
0.2089847
0.13677756
0.069435
0.06485813
0.06258934
0.07089298
0.09245241
0.1430992
0.18781086
0.19564547
0.19311946
0.19045683
0.18947066
0.19116465
0.19266061
0.19437369
0.19931891
0.20120933
0.20305905
0.20309818
0.20493442
0.19572543
0.20273501
0.21911245
0.21984472
0.22168253
0.22163225
0.22093079
0.21708326
0.21124121
0.20852105
0.20936952
0.20981606
0.21097885
0.21105403
0.21105403
0.21379391
0.20861744
0.19842311
0.20326053
0.21098086
0.20771298
0.20589708
0.20239875
0.19717138
0.19959885
0.19736506
0.1930116
0.19476613
0.19671639
0.19799368
0.19863652
0.20103978
0.20472034
0.20284497
0.2009696
0.20469626
0.20842292
0.20663513
0.2012599
0.19767247
0.19767247
0.19767247
0.20170173
0.20347016
0.19931891
0.20119862
0.20172931
0.19667928
0.19450451
0.19495304
0.19558776
0.19649995
0.19580042
0.19781682
0.19782247
0.19590819
0.19787568
0.19987866
0.19987866
0.197957
0.19602793
0.19383387
0.19553636
0.19715813
0.20054468
0.20229597
0.20086529
0.20539783
0.2055902
0.20344146
0.20143849
0.19779436
0.20143849
0.20344146
0.20163494
0.19963196
0.19572003
0.19386543
0.19788949
0.19781105
0.19401357
0.19775722
0.19396198
0.13934195
0.07898601
0.06739158
0.06925927
0.06898273
0.07495201
0.10248884
0.15312972
0.17926191
0.18035198
0.18306264
0.18125746
0.18132197
0.18534878
0.18706518
0.18507687
0.18720957
0.18682482
0.19018376
0.19026617
0.19054167
0.19409369
0.19791588
0.20266471
0.19856702
0.19583523
0.19776119
0.19731981
0.19723967
0.19384018
0.18825068
0.18644007
0.19231614
0.20198571
0.20672066
0.20489459
0.20207761
0.20739445
0.21095014
0.21125949
0.20929379
0.20862257
0.21038903
0.21055164
0.2063312
0.20166104
0.21757052
0.23642627
0.25062335
0.26417206
0.26786129
0.26429105
0.26584696
0.26791364
0.26111149
0.25555145
0.25210259
0.25101371
0.25073173
0.24856811
0.24856811
0.25299667
0.25573869
0.25635986
0.25493379
0.26033109
0.26017846
0.25697193
0.25939034
0.25727069
0.25508101
0.25334615
0.25612137
0.26250611
0.2612293
0.26169788
0.26307786
0.26476278
0.26718619
0.23451428
0.13092127
0.05282327
0.05031343
0.05320649
0.08921022
0.15775955
0.20002204
0.22246552
0.23536832
0.2370061
0.24040201
0.24282978
0.24020711
0.23722316
0.22839693
0.2080792
0.20111367
0.20102712
0.19511879
0.19351781
0.1972631
0.20046328
0.20202666
0.20067635
0.1992889
0.19952565
0.19779436
0.19779436
0.19779436
0.19490725
0.19498884
0.19459666
0.19101049
0.18978989
0.18858836
0.19027395
0.19040994
0.18495578
0.18495578
0.18955749
0.18775097
0.18504107
0.18504107
0.18504107
0.18500745
0.18672834
0.1920619
0.19372128
0.19118032
0.1925501
0.19328046
0.19242864
0.19066021
0.18523831
0.18753222
0.19353533
0.19704433
0.19895421
0.19805631
0.19829288
0.2000774
0.20206982
0.20618409
0.20511197
0.20311519
0.20972285
0.21385188
0.21435494
0.21401465
0.21512112
0.21844741
0.2152467
0.21134514
0.21044735
0.21064238
0.20838934
0.20318136
0.20296291
0.20318136
0.20293482
0.20597438
0.20597438
0.20293482
0.20142775
0.20396124
0.20689549
0.20602716
0.2081759
0.20681974
0.20247395
0.21735325
0.23770046
0.25482121
0.26208504
0.26898193
0.2786638
0.2786638
0.27318692
0.26771004
0.2704152
0.27176787
0.27258578
0.27324092
0.27383489
0.27274223
0.27290038
0.272228
0.27376403
0.27609961
0.27646995
0.27739026
0.27954991
0.27937986
0.27691183
0.27973692
0.27973692
0.28008835
0.28305177
0.28270035
0.28122357
0.27958572
0.27569965
0.27345466
0.27870958
0.27985927
0.27723402
0.27718958
0.27770208
0.25565566
0.14681753
0.05947615
0.05550911
0.05450894
0.07227542
0.13561854
0.20020727
0.22076667
0.22920906
0.23718764
0.24684974
0.25521098
0.25867938
0.25832795
0.25797653
0.25929781
0.2588329
0.25466147
0.2389621
0.22368279
0.22387844
0.22798563
0.22850583
0.23201786
0.22960427
0.22312641
0.21736198
0.21431755
0.21608598
0.21314758
0.21215969
0.21215969
0.21371473
0.21675563
0.21675563
0.21772607
0.21629311
0.21405577
0.21422184
0.21452042
0.21767485
0.21688933
0.21458563
0.21834236
0.21866749
0.21723383
0.21320721
0.21126636
0.21107608
0.21043221
0.21151869
0.2117174
0.21265745
0.2127009
0.21147747
0.21592439
0.21658921
0.21601483
0.22143575
0.22164585
0.2172062
0.21440774
0.2153127
0.2134805
0.21514578
0.21824155
0.2147009
0.21390094
0.21390094
0.20881746
0.20191813
0.20523674
0.21086382
0.20714207
0.20014339
0.19233711
0.19049887
0.18952459
0.19092359
0.1900284
0.18452001
0.18662999
0.18457557
0.17734459
0.18150829
0.19209454
0.18929692
0.18553051
0.18984279
0.19164143
0.18997552
0.18644609
0.18100652
0.18099769
0.18460169
0.18659428
0.18861372
0.1873729
0.19082206
0.19868557
0.19309186
0.18249339
0.18768503
0.19027824
0.18900222
0.19156809
0.19252284
0.1945153
0.19554874
0.19907734
0.20200696
0.19756181
0.19406953
0.19403853
0.19656565
0.19887059
0.19627685
0.19323333
0.19279813
0.19339478
0.19711754
0.20015836
0.20007307
0.2024588
0.20340186
0.20032297
0.19862207
0.1984585
0.19836232
0.19836504
0.19883002
0.19573039
0.19216576
0.19573039
0.19487794
0.19167901
0.19112874
0.19164429
0.19403494
0.20143847
0.20512856
0.19734809
0.19499342
0.19713878
0.19341272
0.19294691
0.19614298
0.19543983
0.20043417
0.20328897
0.20352144
0.20620608
0.20554356
0.20178546
0.1996345
0.20004478
0.1986762
0.19489257
0.19822217
0.20454022
0.20524849
0.20256898
0.19813051
0.1963034
0.19787739
0.20153166
0.20603217
0.20588347
0.20213063
0.19975678
0.19605503
0.1924867
0.18643617
0.18746563
0.19285826
0.19809604
0.20197676
0.19816955
0.19520071
0.19478854
0.19315237
0.19357828
0.19742817
0.19921596
0.20102983
0.20199188
0.19930738
0.20127794
0.20324492
0.19778117
0.19801312
0.20620364
0.20258067
0.1968317
0.19958328
0.20729503
0.21595818
0.21932339
0.21804649
0.21423159
0.21423159
0.21398929
0.21220747
0.2132248
0.21151973
0.20792851
0.20828151
0.20880996
0.20636786
0.20571708
0.20610183
0.2051657
0.20381811
0.20008619
0.20186428
0.20364237
0.20660422
0.20601468
0.20524738
0.20803502
0.20558063
0.1892236
0.12391948
0.07135394
0.09219785
0.13438059
0.17055987
0.19444356
0.20175708
0.20067015
0.20016406
0.20152404
0.19920033
0.19906897
0.19963019
0.19835531
0.20186446
0.20186446
0.19634406
0.19634406
0.19832152
0.19654343
0.19476533
0.19476533
0.19476533
0.19654343
0.20182827
0.20533502
0.20533502
0.20578156
0.20227481
0.19832152
0.19832152
0.19880185
0.19928218
0.19863582
0.19709517
0.19620086
0.18748549
0.12416429
0.07611471
0.08032925
0.07720692
0.0962932
0.14587456
0.18329672
0.18974424
0.19383169
0.19647362
0.19219705
0.19206231
0.19708598
0.20060297
0.20053243
0.20028203
0.20317629
0.20384943
0.20336209
0.20726316
0.21364554
0.21455447
0.2114615
0.21358671
0.21524831
0.21316499
0.20822679
0.20505556
0.20834886
0.21195851
0.20987518
0.20813676
0.20326068
0.20001362
0.20251042
0.2023388
0.20164431
0.20356553
0.20796344
0.20697927
0.20327585
0.20288867
0.20561172
0.20575634
0.20575634
0.20981993
0.20928924
0.2036659
0.20443124
0.21071341
0.21259666
0.22020594
0.22087666
0.21532688
0.21432663
0.21178486
0.21286934
0.21251897
0.20920913
0.209533
0.21373229
0.21600403
0.21732582
0.21706344
0.21331765
0.21060632
0.20699384
0.2040868
0.20385647
0.20347041
0.20282583
0.20282583
0.20385647
0.20359794
0.20295335
0.2030566
0.20122131
0.20118721
0.20258006
0.20031651
0.19909445
0.19958979
0.19955523
0.19600881
0.19246238
0.19424051
0.19917281
0.20094002
0.19955306
0.19725739
0.19725739
0.20205704
0.14578793
0.08597245
0.08207264
0.07288837
0.06780591
0.10041566
0.14967549
0.17904999
0.19306345
0.19774134
0.19988583
0.20166392
0.20219346
0.20396179
0.20815413
0.20815413
0.21328837
0.21649939
0.21340071
0.21340071
0.21340071
0.21340071
0.21136514
0.20932957
0.20932957
0.21112577
0.21292196
0.21356787
0.21356787
0.21067435
0.20910189
0.21913392
0.22824488
0.224079
0.2187302
0.21794595
0.22067386
0.22229255
0.22368032
0.22239687
0.21432819
0.21446902
0.22059814
0.22046164
0.21789328
0.21720254
0.2207391
0.21882901
0.22103328
0.2242511
0.22147722
0.22274573
0.22323675
0.22414895
0.22489745
0.22773233
0.22996388
0.22754047
0.2255494
0.22297214
0.221945
0.22341677
0.22733141
0.22789521
0.22671475
0.22362372
0.21795798
0.21749334
0.22320418
0.22728406
0.22696621
0.22709066
0.22407649
0.22408656
0.22408656
0.22448592
0.22992809
0.22486026
0.21947636
0.22116694
0.22009968
0.22143363
0.22075886
0.21875429
0.21963387
0.22223763
0.2212305
0.21955266
0.22132514
0.22050407
0.22192187
0.22687336
0.22733801
0.22955718
0.23398707
0.23278339
0.23218593
0.23586013
0.23814282
0.23816851
0.23871516
0.23764345
0.23292315
0.22666801
0.22349784
0.22872513
0.23420455
0.23348816
0.23348816
0.23325927
0.23143378
0.23143378
0.23152894
0.22827408
0.22572799
0.22382693
0.22560715
0.23009235
0.22831213
0.22588689
0.22524186
0.22526755
0.22389857
0.21960066
0.21734244
0.21774415
0.21601518
0.21161881
0.21467409
0.2141733
0.21175691
0.21315457
0.20938814
0.20884097
0.2087807
0.2105997
0.21380228
0.21391404
0.21391404
0.21391404
0.21391404
0.21391404
0.21391404
0.21391404
0.21187686
0.20983967
0.21022442
0.21074898
0.21286815
0.2125269
0.21228667
0.21630081
0.22000258
0.21994419
0.21811779
0.21811779
0.22014558
0.22029799
0.21732491
0.21382751
0.21209854
0.22175307
0.22655997
0.22417925
0.22597545
0.22597545
0.22775358
0.23167148
0.23213094
0.23213094
0.23264866
0.23017032
0.22929989
0.22875002
0.22820014
0.22864546
0.22638114
0.22567201
0.22535183
0.22535183
0.22541677
0.22541677
0.2258363
0.23162493
0.23346117
0.22628164
0.22402586
0.22157263
0.21953892
0.22136323
0.22182787
0.2224568
0.22633896
0.22633896
0.22444539
0.22444539
0.22444539
0.22398075
0.22152751
0.22152751
0.2235161
0.2235161
0.2235161
0.22398075
0.22398075
0.22398075
0.22444539
0.22444539
0.22444539
0.22633896
0.22823253
0.22823253
0.23037561
0.23259265
0.23202159
0.198044
0.11822047
0.07879236
0.08202267
0.07473734
0.07135963
0.07445361
0.08018215
0.08255946
0.08349903
0.08403511
0.08329932
0.086352
0.08802295
0.08352272
0.08061687
0.08136078
0.07557799
0.08413766
0.13689959
0.18263636
0.1934904
0.1961964
0.19236699
0.19382262
0.19558719
0.20443277
0.21649934
0.21121351
0.20658775
0.20908002
0.20887995
0.21484562
0.22237891
0.22145065
0.22145065
0.21804115
0.21191631
0.20815057
0.20663655
0.20663655
0.20708309
0.21009414
0.21034165
0.20792176
0.20794317
0.20806748
0.20806748
0.20729726
0.20846022
0.20813161
0.20857598
0.20926251
0.20598115
0.20246369
0.20202473
0.2018266
0.19969971
0.2025681
0.20872229
0.21210139
0.21094309
0.20518515
0.20503138
0.20585088
0.20254267
0.20382112
0.20220761
0.20220761
0.20583847
0.20621142
0.20591423
0.20606086
0.20887825
0.21240398
0.21186022
0.20584985
0.19858211
0.19805087
0.19999404
0.19999404
0.20167939
0.20275243
0.20204441
0.20061126
0.20253332
0.20811721
0.21046119
0.20906711
0.20701091
0.21018894
0.21201443
0.20944753
0.20904817
0.20910972
0.20890753
0.20387004
0.19881729
0.20017898
0.20507091
0.20283074
0.19726282
0.1973588
0.19735604
0.198511
0.20031331
0.20294107
0.20378991
0.20128257
0.20330445
0.20692128
0.20597865
0.20761501
0.20950731
0.20770693
0.20687835
0.20507716
0.20360489
0.20388808
0.20654509
0.21109121
0.21107021
0.21144591
0.21408644
0.21666006
0.21895992
0.21903124
0.21803909
0.21419313
0.20814517
0.20220842
0.19829706
0.19913309
0.19923932
0.19953551
0.20048541
0.19935913
0.1978822
0.19331184
0.19021563
0.19549195
0.19823261
0.19650509
0.19742642
0.19753683
0.19806349
0.20112859
0.2020115
0.20407857
0.20990425
0.21556569
0.21733083
0.21664396
0.21843716
0.21892036
0.21528051
0.21188436
0.21149082
0.2094606
0.2083289
0.2083289
0.20786392
0.21038287
0.21262808
0.21185321
0.21298737
0.21575085
0.21477179
0.21458193
0.21462045
0.21461511
0.21499275
0.21545739
0.21598555
0.21369405
0.21283496
0.20995785
0.20622105
0.20303821
0.20319701
0.2051905
0.20097349
0.19594722
0.19809203
0.17827204
0.12147531
0.08866072
0.08848743
0.08496818
0.08192056
0.08624972
0.08994974
0.08769667
0.08471617
0.08288771
0.08440189
0.0859667
0.08892455
0.09173783
0.09483402
0.09096998
0.08506408
0.08891875
0.09790196
0.12100229
0.1582769
0.18463073
0.19248227
0.1943526
0.19315805
0.1970108
0.19940323
0.1992555
0.19978357
0.1961326
0.19553624
0.19368986
0.19248521
0.19059715
0.19266815
0.19807425
0.19765841
0.19441349
0.19118507
0.19260307
0.19402108
0.19629417
0.19991322
0.19624746
0.19385677
0.2014417
0.20322055
0.20411968
0.20776889
0.20968494
0.20861226
0.21251914
0.21794012
0.2179638
0.21987338
0.21775945
0.21219023
0.21045814
0.21220502
0.2101133
0.21338748
0.21875338
0.21872971
0.21952842
0.22420858
0.22550771
0.21923621
0.21894493
0.21904152
0.21832437
0.21879364
0.21285769
0.21110949
0.21241264
0.20797339
0.20634843
0.20801585
0.20572004
0.20337568
0.20679408
0.20724345
0.2074003
0.21409253
0.21801205
0.21135362
0.2078916
0.20258315
0.19876848
0.20426119
0.20285358
0.20079752
0.2019955
0.20218033
0.20445825
0.20474131
0.20605931
0.21322164
0.21338475
0.20698191
0.20484899
0.20565962
0.20326776
0.19586926
0.19325484
0.19732295
0.20362687
0.2096665
0.21005335
0.21100978
0.20968286
0.2064193
0.2050293
0.20934475
0.20934475
0.20727283
0.2087005
0.20732031
0.20429106
0.198518
0.20150879
0.20780774
0.21116814
0.21082369
0.2083323
0.2056119
0.2039573
0.2074847
0.21007428
0.21356368
0.2123716
0.20382811
0.20576286
0.21457285
0.21274505
0.20574879
0.20378373
0.2133625
0.22129486
0.22175848
0.22187325
0.22129075
0.22189693
0.22083413
0.21904628
0.22158718
0.2226967
0.21925085
0.21657677
0.21774267
0.2191207
0.21859194
0.22388545
0.23041073
0.23288376
0.23779872
0.24139111
0.24139111
0.23584594
0.22849847
0.2268178
0.22899292
0.2287965
0.2259172
0.22890025
0.22950267
0.22574288
0.21986611
0.2147023
0.22183292
0.22887757
0.22679857
0.2249614
0.22681326
0.22823036
0.22696787
0.22832285
0.22834755
0.22974204
0.23234118
0.22947257
0.22588018
0.22410094
0.22607922
0.22436241
0.22180386
0.22317078
0.2212441
0.21820991
0.21785596
0.22110225
0.22206788
0.221518
0.22496948
0.22359674
0.22136984
0.22136984
0.22177154
0.22496948
0.22136261
0.21776297
0.22096813
0.22367851
0.22148786
0.21976752
0.22118463
0.22173329
0.2233435
0.22441592
0.22346556
0.2247592
0.22362052
0.22173221
0.22493171
0.22663251
0.22662817
0.22495533
0.22118078
0.22144017
0.22333935
0.22333935
0.22541173
0.22539229
0.22311648
0.22528108
0.22479828
0.21951552
0.21511182
0.21269757
0.21390523
0.2136362
0.21392783
0.2158041
0.21430155
0.21648647
0.218023
0.21606215
0.21423669
0.21832339
0.22302122
0.22524157
0.23089074
0.23061745
0.23032823
0.23127075
0.23147571
0.22970089
0.21106731
0.1450363
0.09037881
0.12177503
0.18106612
0.21528223
0.22553492
0.2217926
0.22367585
0.22963408
0.22649772
0.22067195
0.22982755
0.22946107
0.21879068
0.22374376
0.22831824
0.22875725
0.22549208
0.22178593
0.22434592
0.23040477
0.23327848
0.23172598
0.23783344
0.24695256
0.26099857
0.26829752
0.26497181
0.2732486
0.27714886
0.27564607
0.28227668
0.287165
0.28561095
0.28699272
0.28893211
0.29227144
0.29140567
0.28472335
0.28609215
0.28797798
0.28528737
0.28755919
0.28213396
0.27721794
0.28281625
0.28510875
0.28291285
0.28487447
0.2916264
0.2851678
0.27635289
0.27896084
0.28404178
0.28210752
0.25998755
0.23387449
0.18346519
0.09813065
0.05156107
0.04204327
0.03567136
0.03777421
0.04372958
0.05193031
0.05053349
0.04772581
0.05462391
0.05433431
0.04887167
0.05570772
0.06390497
0.06205547
0.05416204
0.04965087
0.05941631
0.07117364
0.06598916
0.06016711
0.07880737
0.0979485
0.10909047
0.1204407
0.1353153
0.15168462
0.16665088
0.17243677
0.1702756
0.17696464
0.17822564
0.17828465
0.18223694
0.18260436
0.18078874
0.17880995
0.18070244
0.17630972
0.17620315
0.17808678
0.17448428
0.18110826
0.18748355
0.18398768
0.18012122
0.18405419
0.18981612
0.18784227
0.18391893
0.1837383
0.18786769
0.19767799
0.20156633
0.19153727
0.18778052
0.19611178
0.1956992
0.19296403
0.19962821
0.20082102
0.19279408
0.19035521
0.19791249
0.20533988
0.20359743
0.20212547
0.20413448
0.20087695
0.197133
0.19853872
0.19638067
0.19204927
0.19418618
0.20281636
0.20911902
0.20557594
0.20362938
0.20747242
0.20750724
0.20130659
0.19924405
0.19888248
0.19593137
0.19902773
0.202845
0.20365965
0.20365965
0.20601977
0.20782297
0.20673644
0.20653737
0.20786744
0.20789062
0.2066268
0.20686337
0.20526493
0.20117727
0.19882463
0.20077792
0.2010131
0.19929499
0.19746605
0.19902373
0.20790473
0.20770264
0.20236731
0.20128716
0.19611808
0.19325533
0.19395499
0.19783814
0.20236968
0.19902513
0.19123167
0.18950906
0.19370112
0.2016983
0.20751069
0.20530874
0.20380644
0.20209714
0.20535241
0.20794179
0.20705325
0.21083572
0.20875173
0.20263376
0.20216184
0.20407682
0.20361868
0.20194457
0.20089778
0.20089778
0.20076743
0.19928369
0.19896907
0.20090018
0.20300783
0.20044667
0.19668614
0.20252909
0.20451115
0.20081496
0.20148419
0.20369455
0.20519477
0.20456463
0.20414012
0.20506735
0.20393789
0.19959263
0.19919871
0.19917267
0.19908417
0.19916705
0.20119205
0.20475478
0.20080641
0.19887081
0.19698941
0.19629104
0.20116151
0.20472912
0.20456818
0.20248914
0.20221927
0.2005281
0.20073805
0.20236947
0.20236947
0.20284261
0.20688283
0.21069525
0.20700211
0.20141078
0.1994809
0.20253128
0.20615633
0.20626337
0.20311502
0.20037924
0.20079748
0.20311297
0.20495935
0.20500342
0.20476685
0.20278735
0.1988455
0.2010411
0.20913451
0.21250706
0.21250706
0.21250706
0.21276611
0.21083088
0.21033934
0.2125297
0.2155135
0.21378411
0.20938016
0.20911169
0.21091145
0.20800637
0.19918422
0.19821647
0.20160855
0.20029674
0.20029674
0.20034077
0.19922666
0.20697852
0.21036074
0.20415244
0.20360692
0.20185565
0.20273433
0.2041171
0.20250347
0.20088569
0.20055932
0.20566365
0.21052845
0.21045742
0.20959298
0.20912834
0.20674629
0.20912834
0.21237483
0.21207779
0.21274851
0.21060352
0.21032977
0.20960083
0.20476765
0.20663888
0.20543508
0.2062317
0.2078656
0.20806156
0.21034974
0.20447116
0.20461669
0.20587248
0.20186996
0.20312893
0.20359358
0.20255431
0.20210859
0.20252809
0.20372958
0.2040656
0.20544734
0.21027363
0.21027363
0.20917996
0.20733358
0.2054872
0.20595184
0.20641649
0.20630768
0.20647878
0.21380801
0.22075126
0.22599227
0.22920996
0.22800093
0.23211366
0.23738142
0.2379233
0.23586565
0.233808
0.23323101
0.23155304
0.23266917
0.23453356
0.2345404
0.23431206
0.23617645
0.22347099
0.20219446
0.13161649
0.06852323
0.10697215
0.16232593
0.19280339
0.20512956
0.2053269
0.21089367
0.21786211
0.22009601
0.21478483
0.20806211
0.21249169
0.21883651
0.22389024
0.22784868
0.22765882
0.22578345
0.22201756
0.22193305
0.22373906
0.21864541
0.21556179
0.21396462
0.2098938
0.20896656
0.2103513
0.21181333
0.211427
0.21531244
0.21912729
0.21804557
0.21663272
0.21373154
0.21301991
0.21103389
0.21101437
0.2127827
0.21295653
0.21662821
0.21539585
0.21310923
0.21477064
0.21416887
0.2182612
0.2233575
0.22068049
0.22068049
0.22255586
0.22255586
0.217537
0.21296468
0.21685069
0.21840392
0.21651768
0.21504312
0.21082488
0.20991743
0.21357045
0.21585186
0.2178625
0.22027396
0.22113942
0.21978474
0.21690863
0.21786024
0.22513071
0.22250116
0.20992527
0.20806603
0.20756204
0.20290778
0.20223707
0.20327875
0.20432349
0.20142548
0.19770787
0.19876783
0.1985791
0.19485735
0.19119993
0.19175852
0.19173189
0.19570525
0.20207487
0.20122493
0.20037499
0.20423566
0.2055082
0.20292007
0.20294423
0.20092973
0.19878608
0.20160147
0.20270135
0.20296789
0.21439724
0.22310892
0.230854
0.23399912
0.22876856
0.23053327
0.2357655
0.24172592
0.24237651
0.24007348
0.23572817
0.23271177
0.23290163
0.22840062
0.22687209
0.22687209
0.22668865
0.22879937
0.22726569
0.22404551
0.22318646
0.22421544
0.22377106
0.22534825
0.22642763
0.22494434
0.22541253
0.22432114
0.22432114
0.22588143
0.22567
0.22345746
0.22032488
0.21965416
0.2203234
0.22133543
0.21990089
0.22057294
0.224188
0.22535604
0.22772581
0.22751667
0.2231258
0.22097624
0.2216693
0.22151733
0.22372859
0.22556701
0.22193173
0.21972771
0.22153002
0.22362365
0.22222304
0.21879177
0.21182241
0.2072933
0.21525487
0.21916435
0.21828957
0.220766
0.22121346
0.22166092
0.22121346
0.22112452
0.22182461
0.22193059
0.22223758
0.22403643
0.22490585
0.22356661
0.22439839
0.22846984
0.22258152
0.2129289
0.20962134
0.20811914
0.20654695
0.20751961
0.20297054
0.19495136
0.19862344
0.20033897
0.19996569
0.20168865
0.2012314
0.20182309
0.19686351
0.18762861
0.18249493
0.18256897
0.18307653
0.17967923
0.17996963
0.18332443
0.18389653
0.1791097
0.17952136
0.18577862
0.1844139
0.18104597
0.17867283
0.17946947
0.18330098
0.18913231
0.18702417
0.18445986
0.18460717
0.18881867
0.19631925
0.19366334
0.19136651
0.1890109
0.19066983
0.19018048
0.18580685
0.18640194
0.1903162
0.19443052
0.19394553
0.19601793
0.19911817
0.19891107
0.19891107
0.20104667
0.20084101
0.1971261
0.1971261
0.19818206
0.19731772
0.19868203
0.200128
0.19966302
0.19943048
0.19943048
0.20049173
0.20085579
0.20134998
0.20145699
0.20192163
0.20520062
0.20674914
0.16225742
0.09699788
0.07780165
0.08515189
0.10705249
0.13424565
0.15646783
0.1722895
0.17578403
0.17988708
0.18658449
0.19890308
0.20802308
0.20330903
0.20221011
0.20094628
0.199204
0.20285363
0.20504766
0.20626432
0.20641155
0.20899426
0.21279634
0.21516017
0.21751791
0.21598551
0.21535131
0.21427598
0.21340143
0.21484113
0.21382447
0.21566321
0.21251351
0.20844892
0.2318155
0.25767966
0.27076756
0.2756392
0.28142707
0.29354198
0.2958852
0.28990345
0.29021618
0.29797502
0.29589573
0.29598606
0.30014162
0.29442546
0.2955953
0.3027249
0.30146221
0.30038971
0.30033671
0.29531351
0.29236267
0.29902883
0.30385612
0.30403659
0.3038712
0.29978755
0.29487878
0.29584979
0.29621167
0.29442978
0.29586444
0.29622095
0.29035582
0.28678007
0.28246301
0.2563192
0.17356763
0.09432495
0.08488568
0.09396394
0.10992759
0.12569762
0.14100276
0.16445792
0.16533674
0.16001395
0.16351622
0.1693886
0.17620634
0.17790686
0.17902229
0.18918679
0.20080612
0.205514
0.19984696
0.20297919
0.21374006
0.21407382
0.21269475
0.20740433
0.20225478
0.20115723
0.20132844
0.20072462
0.19844934
0.19800324
0.20241682
0.20447268
0.20665047
0.21013838
0.21719735
0.21849816
0.21487948
0.21609031
0.2159045
0.21581927
0.21664051
0.21854553
0.21858202
0.2201568
0.21875771
0.21865031
0.22949483
0.25812169
0.27870215
0.27933052
0.27954805
0.27496093
0.27146543
0.27096528
0.27096528
0.26921463
0.26746397
0.26753891
0.26921599
0.18501759
0.09003895
0.0799203
0.07260476
0.06764099
0.07028488
0.07001251
0.08184462
0.13135832
0.20198984
0.24593904
0.25722212
0.25690375
0.25479653
0.25479653
0.25420603
0.25552718
0.26485052
0.27324942
0.27197813
0.27063741
0.27140239
0.27170757
0.27061816
0.27066648
0.27066648
0.26721425
0.26721425
0.26721425
0.26695345
0.26565048
0.26330044
0.26515575
0.26496058
0.26405476
0.26465074
0.26500424
0.25690869
0.24239673
0.23655415
0.2367745
0.23420326
0.23163202
0.22964472
0.22918008
0.22863751
0.23093973
0.23759921
0.239582
0.23927277
0.23927277
0.23908635
0.23889994
0.23889994
0.23471599
0.23387528
0.23721852
0.23721852
0.23654781
0.2361461
0.23641511
0.23641511
0.23772046
0.23540806
0.23196847
0.22988839
0.22942375
0.23401363
0.23871465
0.23673859
0.23314956
0.23560767
0.23777402
0.23710169
0.23814542
0.23795675
0.23624069
0.23551322
0.23654982
0.23794801
0.23616935
0.23494525
0.23494525
0.23549864
0.23624069
0.23691141
0.23624069
0.23575865
0.23642936
0.23840543
0.2403815
0.24013607
0.2398885
0.24013393
0.24018409
0.23973989
0.23906918
0.23679653
0.23524772
0.2368117
0.23020367
0.22456699
0.22385912
0.22051434
0.22032627
0.22013798
0.21826258
0.21866012
0.22236071
0.22444061
0.22716705
0.22720917
0.22477538
0.22477538
0.22429334
0.2233705
0.22149513
0.22191288
0.22375987
0.22395727
0.22448275
0.22243301
0.20881914
0.13025613
0.0623638
0.06222102
0.10628011
0.19977764
0.25892442
0.26906137
0.26991792
0.26991792
0.27473319
0.27192848
0.26261281
0.25839694
0.25627982
0.25322955
0.24910471
0.2514597
0.25353226
0.25343969
0.25389934
0.25389934
0.25240606
0.25419683
0.25609182
0.25430104
0.25200015
0.24937276
0.25273901
0.25606504
0.25193609
0.25423471
0.25660916
0.25270243
0.24806976
0.24562775
0.24562775
0.24806976
0.25445816
0.25054998
0.23226303
0.21817522
0.21524692
0.21571156
0.21921194
0.22205302
0.22724602
0.22935705
0.22882331
0.22879442
0.23065265
0.23218124
0.230704
0.23310172
0.23070894
0.22915166
0.23467004
0.23979327
0.23927853
0.23617937
0.23183511
0.22768112
0.22814474
0.22480345
0.2193042
0.21655543
0.21169535
0.2042881
0.20636093
0.21055819
0.20679306
0.20636501
0.21012544
0.21570091
0.21922858
0.21759157
0.21406859
0.21192381
0.21187517
0.21544303
0.21712283
0.21356998
0.20626804
0.20605971
0.21185428
0.21025393
0.14034285
0.0741553
0.06793211
0.06676626
0.10876658
0.17967044
0.22595248
0.24066343
0.24882888
0.25175371
0.24527578
0.23977589
0.23974889
0.24018741
0.23658176
0.23267862
0.23470633
0.23838739
0.23878821
0.23121551
0.22906116
0.22906116
0.22872811
0.23250821
0.23394969
0.23661731
0.23671526
0.23269118
0.22888559
0.23042809
0.23336232
0.23352866
0.23300688
0.2310131
0.23162088
0.23393948
0.2296752
0.22355556
0.21694457
0.21537602
0.21417805
0.20940524
0.21083978
0.21133092
0.20943174
0.2085818
0.20803314
0.20784328
0.21319623
0.21884936
0.22118834
0.21756184
0.21189652
0.21189652
0.20871663
0.2074373
0.21263468
0.214111
0.21059412
0.21059412
0.2122905
0.21248036
0.21274699
0.2132106
0.21274699
0.21274699
0.2132106
0.21282375
0.2132106
0.21504925
0.21516346
0.21342436
0.21490907
0.21537372
0.21772878
0.21940406
0.2138299
0.21390623
0.21726548
0.21707562
0.21380271
0.21431706
0.21729739
0.21645357
0.21641667
0.21586223
0.2175247
0.22048932
0.21884989
0.21506108
0.21571956
0.21370871
0.21252098
0.21835576
0.2193123
0.21915359
0.22098984
0.22098984
0.22102813
0.22174137
0.22270721
0.22306729
0.22440319
0.22507351
0.22641505
0.22578439
0.2232158
0.2240959
0.22728968
0.22997011
0.2293114
0.2251877
0.21861804
0.21822075
0.21961963
0.21825467
0.22240591
0.22748484
0.23093144
0.23294129
0.23183923
0.23431597
0.23806272
0.23310218
0.22587992
0.22595216
0.22816486
0.22921693
0.2276661
0.22324176
0.22051244
0.21981206
0.21594993
0.21656065
0.21922343
0.21737304
0.2166194
0.21775059
0.21829219
0.21740403
0.22375471
0.22815427
0.22270315
0.22270315
0.22361515
0.2251246
0.22597642
0.22591877
0.22506696
0.2246705
0.22957434
0.22844151
0.22522054
0.22785487
0.229327
0.22516026
0.22821732
0.23265778
0.22998114
0.2276805
0.22757416
0.22983238
0.2318027
0.23155727
0.23195318
0.22896229
0.22317757
0.22016867
0.2177502
0.16620983
0.08888489
0.06363848
0.07364784
0.09546993
0.14318244
0.18884922
0.20622824
0.21744646
0.22825321
0.22801901
0.2211852
0.21929479
0.21909738
0.22212315
0.22502346
0.2268277
0.23002648
0.2311358
0.22798567
0.22416484
0.22416484
0.22483555
0.22798567
0.22798567
0.22681162
0.23260852
0.2327444
0.22886915
0.23057805
0.23247723
0.23444755
0.23788304
0.23743455
0.23724426
0.23896765
0.23896765
0.23963837
0.24072584
0.24133287
0.24133287
0.24066216
0.23976497
0.23689117
0.23443413
0.23443413
0.23724499
0.23769348
0.23769348
0.23577458
0.23185865
0.22996367
0.22770334
0.2300266
0.23045068
0.2244158
0.22594964
0.22784463
0.22445128
0.22443166
0.22443166
0.23067363
0.23436229
0.23242165
0.2326335
0.23497585
0.234764
0.23220981
0.23043738
0.23014849
0.23470886
0.23379923
0.23115245
0.2370381
0.24311292
0.24371477
0.23974281
0.23642885
0.23177927
0.23039543
0.23049775
0.22571154
0.22478676
0.22557025
0.22542197
0.22525264
0.22499738
0.22621205
0.22660607
0.22573476
0.22385166
0.22308765
0.2264298
0.22671971
0.22760111
0.23041565
0.22806575
0.23131273
0.23654286
0.23626593
0.23703437
0.23323295
0.23108065
0.23568389
0.2359833
0.23399085
0.23370605
0.23472935
0.23776668
0.23986817
0.23850983
0.23082996
0.226586
0.2301541
0.23621341
0.23288866
0.22464148
0.22424085
0.22645679
0.22518139
0.21865346
0.21572915
0.21661495
0.21640888
0.22481942
0.23121989
0.22862717
0.22869011
0.22929655
0.22649466
0.22412595
0.22375617
0.22185699
0.21765555
0.21646097
0.21971573
0.22529905
0.22709755
0.22356063
0.22711496
0.2325786
0.23442498
0.23442498
0.23212409
0.23086052
0.23170993
0.23122788
0.23039346
0.23238223
0.23295125
0.22302062
0.16343346
0.10074913
0.08505458
0.07832407
0.08472035
0.11586349
0.15520237
0.18764325
0.21409177
0.21938807
0.21216221
0.21202836
0.21583686
0.21769146
0.21727992
0.21707446
0.21660982
0.218509
0.22028634
0.22179172
0.22348152
0.22430294
0.22526791
0.22637928
0.22778003
0.22961628
0.23095704
0.22847406
0.22247398
0.21723645
0.21929726
0.21929743
0.21696883
0.22122329
0.22317345
0.22577887
0.21674732
0.20119449
0.19997275
0.19950776
0.19590456
0.19475751
0.19534701
0.19224639
0.19053733
0.19236952
0.19524771
0.1933763
0.2068318
0.22438597
0.2200367
0.21726341
0.218699
0.21640142
0.2155037
0.22322676
0.22720317
0.22445111
0.22178141
0.22605944
0.23391686
0.2341749
0.23068821
0.22627277
0.22388074
0.22756304
0.23314893
0.23500338
0.23713313
0.23528193
0.23102491
0.23882178
0.24494641
0.24355314
0.24465665
0.2468599
0.25009276
0.25349497
0.25571564
0.25396751
0.25360335
0.25894634
0.25844716
0.25660152
0.25690531
0.25563092
0.25947087
0.26132738
0.25982846
0.25959983
0.25579083
0.25511711
0.25892612
0.25980965
0.25748849
0.25678228
0.25625196
0.25414432
0.24900117
0.24563542
0.24509577
0.24555368
0.25002882
0.24994979
0.25378907
0.25713553
0.25360669
0.24860745
0.25045986
0.25704486
0.25616999
0.25403573
0.25244167
0.25428602
0.25558593
0.24958363
0.24599109
0.24469351
0.24517004
0.24761369
0.24776153
0.24411589
0.24082296
0.24147087
0.24125118
0.24263547
0.24290228
0.243388
0.2455061
0.24529857
0.24504461
0.24309899
0.24685594
0.25014971
0.24973296
0.25042879
0.24690304
0.24587684
0.245181
0.24548091
0.2497025
0.24525782
0.24525782
0.24953555
0.2378803
0.16405348
0.08935764
0.08006403
0.07765614
0.0820306
0.09560462
0.1347688
0.17973625
0.19785933
0.20906724
0.21365938
0.21650146
0.21840648
0.21941504
0.22191053
0.22241671
0.22351581
0.22607809
0.22806806
0.22863852
0.23061459
0.23324078
0.23322018
0.23123306
0.22951627
0.2312117
0.23166521
0.23081824
0.23203012
0.23089412
0.22934159
0.22934159
0.22747036
0.22519831
0.22666783
0.22299546
0.22143854
0.22922405
0.23283389
0.23264403
0.23106088
0.22967577
0.23378777
0.23747969
0.23769703
0.23563213
0.23275239
0.23237692
0.23237692
0.23223531
0.23134687
0.23301655
0.23321351
0.23099395
0.23663913
0.23952107
0.23528741
0.23567352
0.23928456
0.2412026
0.23908992
0.24013535
0.24203468
0.24245877
0.24110062
0.23542644
0.23592839
0.23400848
0.22828022
0.22801827
0.22987793
0.22884394
0.22634581
0.23120804
0.23428128
0.23231302
0.23361472
0.23001068
0.21478449
0.21055095
0.21293618
0.20980683
0.21476384
0.22444788
0.23231221
0.23459685
0.23244115
0.22848203
0.22734304
0.23126145
0.23382991
0.23484479
0.23415914
0.23152257
0.22908819
0.22887811
0.23503203
0.23915899
0.23610804
0.23348859
0.2354171
0.23755384
0.23017633
0.22386544
0.22740685
0.22927094
0.23093474
0.22899682
0.22911536
0.23314008
0.23314008
0.23163647
0.23648344
0.2401119
0.23762945
0.23869072
0.24142264
0.24241279
0.24241279
0.24333298
0.24078689
0.23968118
0.23724047
0.23724047
0.23724047
0.23130614
0.23160538
0.23024947
0.22387807
0.22950454
0.23420016
0.23169967
0.23151207
0.22918575
0.228443
0.22810696
0.22363797
0.22231256
0.2261891
0.22913892
0.22629976
0.22067094
0.22087973
0.22489627
0.22679545
0.22163531
0.19719069
0.12792182
0.08314787
0.0777861
0.0711593
0.08172905
0.11994333
0.16156728
0.17184294
0.17322981
0.18329344
0.18463715
0.17775953
0.17951536
0.18673394
0.19219671
0.19219671
0.19219671
0.19414577
0.20010852
0.20354852
0.20561438
0.20311212
0.19683674
0.19518691
0.19331225
0.19676071
0.19574948
0.19710397
0.20410153
0.20459331
0.20503136
0.20852523
0.21458371
0.21435452
0.21237632
0.21104777
0.21095286
0.21199823
0.20834554
0.20834881
0.20957675
0.20976814
0.21395162
0.2158888
0.2136613
0.21009723
0.2075442
0.21692898
0.2168938
0.21414135
0.22519693
0.23122022
0.23541743
0.23300856
0.23262462
0.23419271
0.22872741
0.23130469
0.23645074
0.23504954
0.23261458
0.23285899
0.23335564
0.22032421
0.20753104
0.20150171
0.20007889
0.20525641
0.20525762
0.20154106
0.20379271
0.20631214
0.20455488
0.20644112
0.20859493
0.21035296
0.21115544
0.2103538
0.2086922
0.2088729
0.20842379
0.21088703
0.20819914
0.20086619
0.19954003
0.19950408
0.20298129
0.20684491
0.21239097
0.21578649
0.2173834
0.21554103
0.2135985
0.21412529
0.21303366
0.21528311
0.2147456
0.20680744
0.20141362
0.20092994
0.19510297
0.19238381
0.19666954
0.20134076
0.2048594
0.20356375
0.202135
0.20464554
0.19888568
0.1927656
0.19406308
0.1958736
0.19443543
0.19272988
0.19532261
0.2004402
0.20441848
0.20326684
0.20135131
0.19831959
0.19661838
0.20067612
0.20261441
0.2052955
0.21418819
0.217881
0.21571531
0.21627835
0.21217135
0.16055508
0.09401148
0.0760097
0.0750131
0.10130965
0.1585552
0.19253637
0.21001192
0.21517777
0.21133846
0.2102934
0.20647057
0.21030608
0.21480904
0.21377839
0.21480904
0.20843613
0.20438503
0.21320145
0.21533915
0.21542123
0.21879643
0.21699857
0.21523386
0.21500728
0.21533319
0.21567228
0.21020991
0.20518751
0.20927938
0.2151207
0.21489412
0.21019334
0.20946358
0.21389219
0.21588164
0.21521093
0.21561028
0.21562829
0.21697581
0.21956765
0.22197236
0.22157488
0.21975232
0.21794402
0.21508842
0.21348854
0.21387077
0.21556463
0.21620703
0.22389771
0.230023
0.22622925
0.22055019
0.21918102
0.22421061
0.22874348
0.2265482
0.22420818
0.22528061
0.23036023
0.23652234
0.23867169
0.23869995
0.23573728
0.23424167
0.23279673
0.2315394
0.2312045
0.2249034
0.22232247
0.22866698
0.23080219
0.23155408
0.23528312
0.23635554
0.23635554
0.24280212
0.24410719
0.23924812
0.238516
0.2360126
0.23781618
0.24380531
0.2456697
0.24539105
0.24411519
0.24217922
0.24234456
0.24372751
0.23130789
0.21890297
0.22280934
0.22668958
0.22525812
0.22332988
0.21847901
0.2136723
0.21810764
0.22053922
0.21789229
0.21364052
0.20719484
0.21214413
0.22655217
0.23162714
0.23013491
0.23221341
0.23265778
0.23104595
0.23061522
0.22974801
0.22974801
0.23028861
0.23193569
0.23444912
0.23692373
0.23862799
0.23832857
0.24013088
0.2414646
0.24041993
0.24088185
0.24134143
0.24138491
0.24245691
0.24271399
0.239151
0.23377004
0.23116206
0.23266296
0.23626287
0.23804706
0.23885849
0.23593086
0.2328366
0.23450899
0.23536946
0.23342451
0.23654125
0.24210145
0.24287007
0.24321822
0.24395533
0.24165122
0.23619397
0.23664691
0.23677159
0.23242686
0.23299462
0.2363881
0.23593083
0.23376797
0.23762871
0.24182442
0.23987572
0.23914658
0.24046591
0.2422914
0.24234856
0.24234856
0.24234856
0.24230063
0.24610967
0.24272119
0.2404727
0.20338516
0.12240532
0.07877911
0.0944236
0.14657859
0.1968805
0.22374678
0.2354893
0.23595328
0.23285783
0.23090377
0.23068979
0.23342949
0.23581777
0.23546634
0.23578437
0.23767794
0.23677895
0.23649101
0.23999792
0.2333888
0.22763065
0.22823774
0.22708902
0.22731533
0.2240695
0.22510543
0.22925263
0.22930084
0.23059812
0.22951398
0.22731533
0.228087
0.22989698
0.22893805
0.22471597
0.22249112
0.22249112
0.22454437
0.22640844
0.2243552
0.22759982
0.23289929
0.23605011
0.23901016
0.23872578
0.23918593
0.23993046
0.23775315
0.23758328
0.24306666
0.2465426
0.2465426
0.24578906
0.24574017
0.24760975
0.24427957
0.24388022
0.24847795
0.24862851
0.24846625
0.24952359
0.2502026
0.25001343
0.25001343
0.24775512
0.23248925
0.21579017
0.20980702
0.20751538
0.20936176
0.21308351
0.21719663
0.21565983
0.2100389
0.21216327
0.22051551
0.22466043
0.22438907
0.22248989
0.2206255
0.22100047
0.2198063
0.21890787
0.21791331
0.21767726
0.21445948
0.21053637
0.22114546
0.23666958
0.24193792
0.24342384
0.24583023
0.24819071
0.24622705
0.24245278
0.24391656
0.24589412
0.24624094
0.24563126
0.24524441
0.24440063
0.24334747
0.23805387
0.23251993
0.23778367
0.24330781
0.24338606
0.24751183
0.2516702
0.2511776
0.25277897
0.25476449
0.25015991
0.25051262
0.25269799
0.24992734
0.24023953
0.22930917
0.22834259
0.2279607
0.22695141
0.22695141
0.22467988
0.22050362
0.22091277
0.2233911
0.22355557
0.22341404
0.21896523
0.21676604
0.21812907
0.2210565
0.22473913
0.22369278
0.21974254
0.21686543
0.21676181
0.2234113
0.23361239
0.23440119
0.23352279
0.23755367
0.23747296
0.23337973
0.22986924
0.23151131
0.23909404
0.2412833
0.23753188
0.23564761
0.23159853
0.2298302
0.23187227
0.22971108
0.23129354
0.23504082
0.23339523
0.23331653
0.23267062
0.23636955
0.24241521
0.24241521
0.23878379
0.23878379
0.24972487
0.25917862
0.25579528
0.25211954
0.2576358
0.26010729
0.25636866
0.25452813
0.25706251
0.25660115
0.25254994
0.252903
0.25222865
0.25585615
0.25997055
0.258285
0.2557327
0.254615
0.25628705
0.24935145
0.2330089
0.22562566
0.24855497
0.2781975
0.28963011
0.29674348
0.30375137
0.31276782
0.31728146
0.31541222
0.30644329
0.30988085
0.31539444
0.30951364
0.31495219
0.31557297
0.30911457
0.30921806
0.30650431
0.30709087
0.31242283
0.30769341
0.30493598
0.30577325
0.30703954
0.3050737
0.30343995
0.30244055
0.30317878
0.30759903
0.30769723
0.30884971
0.30585916
0.30270512
0.30605496
0.30380557
0.29797771
0.2977563
0.29141733
0.19773124
0.0994824
0.07714077
0.07872681
0.12383335
0.18714824
0.23952303
0.27368305
0.28227944
0.28231067
0.28498371
0.29510804
0.30112114
0.29127661
0.2876193
0.28945782
0.28901946
0.29074053
0.29264667
0.29264667
0.29244624
0.29464724
0.29928474
0.29781908
0.21968424
0.10446434
0.05777867
0.05513921
0.05985324
0.05766703
0.08678342
0.16795145
0.24607369
0.27765451
0.28438391
0.29194413
0.2944593
0.29401162
0.29815389
0.29996922
0.30193695
0.29671889
0.18110634
0.05903341
0.04253182
0.0760138
0.15928307
0.23901958
0.27137652
0.27936622
0.28351508
0.28341171
0.28758888
0.29067121
0.29094785
0.2909088
0.2909088
0.29269299
0.28771033
0.29342858
0.30022255
0.30044873
0.30449122
0.3021857
0.29984567
0.29986946
0.30910887
0.31030483
0.31052682
0.31500266
0.3117185
0.30828558
0.30707498
0.30634265
0.30156316
0.2985268
0.29983795
0.29863542
0.29544111
0.29741649
0.29562186
0.29568294
0.30296635
0.30472874
0.29997081
0.29499975
0.28127153
0.18708983
0.08948892
0.08130975
0.09381636
0.12690919
0.17124705
0.19745513
0.20887642
0.21150079
0.21385853
0.21062503
0.21399493
0.22779571
0.228096
0.22093702
0.22030254
0.22214373
0.22274606
0.22786681
0.22926111
0.22566211
0.22688643
0.22385045
0.21700684
0.21726659
0.21761751
0.21509052
0.21367805
0.20219888
0.1947645
0.19681517
0.19685286
0.20226763
0.20548529
0.20691673
0.20442883
0.20355653
0.20985793
0.20742417
0.20934583
0.21053342
0.20863843
0.21066
0.20824341
0.20295171
0.19907185
0.20191338
0.20530508
0.20680019
0.20878977
0.20680019
0.2062041
0.21227197
0.21493276
0.21163044
0.21159025
0.21199196
0.21199196
0.21265915
0.21456372
0.21664793
0.21664793
0.2146335
0.21414525
0.21727652
0.22063007
0.2183984
0.2127281
0.21142478
0.21361764
0.21439089
0.21646032
0.2220191
0.22197098
0.21683127
0.2160698
0.21904072
0.21447541
0.2096181
0.20606373
0.20354156
0.20516898
0.20531991
0.20374113
0.202189
0.20411778
0.20953452
0.20941138
0.20573389
0.20765686
