0.20422641196050448
0.183029666952004
0.17079163
0.1895319
0.20500314
0.21488108
0.22415653
0.22591805
0.21831785
0.19676864
0.18732236
0.1984143
0.20840984
0.20411661
0.20277608
0.19127457
0.20994812
0.22353205
0.17584655
0.19047675
0.21846555
0.21265481
0.20979268
0.20188837
0.20986864
0.20229241
0.19625211
0.21603425
0.2269698
0.23530558
0.22861793
0.2150221
0.21131425
0.22081861
0.23277501
0.2382611
0.22728635
0.19596976
0.19689978
0.21257889
0.21627032
0.20884784
0.21445916
0.22647855
0.22415597
0.21842476
0.22253354
0.23981065
0.23287296
0.23173922
0.22983255
0.23480411
0.25189985
0.24000182
0.23255422
0.24312408
0.24074709
0.22766938
0.23227499
0.24122432
0.24267856
0.24278611
0.25613257
0.26214176
0.23260469
0.21824471
0.22880538
0.23705784
0.21657967
0.2114328
0.23564488
0.23556035
0.23417631
0.24236276
0.23894734
0.23207416
0.22839592
0.23999054
0.23866511
0.23705605
0.23235957
0.18996431
0.13450599
0.11445172
0.14326601
0.16812328
0.19556978
0.20839876
0.21168776
0.21490567
0.2176822
0.21834785
0.22311668
0.22959968
0.21903004
0.20845452
0.23313258
0.23680616
0.23618214
0.24315103
0.23909179
0.24166854
0.2527405
0.25783502
0.2515816
0.25800233
0.24713618
0.24177251
0.24804932
0.24120081
0.23034368
0.23167145
0.23218521
0.2249792
0.22127087
0.21045971
0.18973192
0.21386757
0.23164617
0.24159238
0.24540959
0.22266471
0.21989373
0.23436884
0.23843562
0.22674656
0.20504244
0.20568258
0.21840939
0.2213878
0.23159122
0.22858177
0.22937797
0.22892499
0.23796845
0.24282772
0.22096366
0.22768838
0.24859318
0.2421025
0.23400881
0.23799336
0.23157784
0.21930549
0.22200277
0.21662895
0.21440305
0.21926255
0.2269722
0.22266018
0.21371626
0.21597382
0.21445363
0.21513727
0.21570835
0.21201232
0.20387903
0.20423384
0.22357259
0.22552573
0.22107575
0.24091161
0.23677215
0.22327755
0.21735347
0.21636418
0.20832032
0.19985012
0.21242959
0.22172518
0.23227575
0.23137146
0.23351216
0.24082301
0.20700876
0.18934996
0.21806383
0.23568108
0.23017069
0.23600852
0.23376184
0.21829839
0.22120994
0.22667386
0.2318553
0.23567996
0.23084693
0.21683534
0.20542194
0.2056455
0.21513526
0.22050473
0.20393138
0.20044786
0.21161754
0.22068465
0.2197148
0.21576993
0.22111805
0.22264257
0.2157407
0.21804775
0.21912215
0.21276091
0.22143194
0.21880142
0.21218859
0.19582275
0.18170653
0.20816643
0.22328875
0.22063852
0.2271147
0.20488064
0.19302261
0.20450936
0.21572547
0.22709135
0.22701322
0.21769675
0.2076917
0.21176938
0.21338514
0.20878588
0.21506134
0.22066142
0.21514227
0.19806499
0.20168215
0.21089077
0.19539982
0.18604101
0.20407648
0.21874111
0.16855104
0.10521648
0.10137099
0.12806796
0.15398465
0.16450442
0.1808594
0.19497307
0.19897121
0.20463691
0.21186109
0.22124047
0.2207877
0.20950779
0.20596137
0.22628196
0.23200437
0.22242468
0.21323024
0.21974297
0.21450331
0.20693408
0.2296778
0.22206377
0.21637484
0.23301211
0.19454053
0.19369877
0.2075081
0.19617412
0.2157361
0.21428287
0.20212941
0.19772787
0.21185632
0.21367091
0.20864447
0.23274538
0.24349704
0.23536071
0.23481441
0.22666485
0.22789717
0.22976627
0.22675848
0.23973726
0.23783297
0.23134185
0.22291998
0.20304639
0.23048878
0.25480556
0.23772598
0.22827559
0.22765437
0.2225488
0.22981036
0.23672292
0.22607812
0.23247725
0.24837221
0.25312939
0.236954
0.2197819
0.21692379
0.21787727
0.22924356
0.23495261
0.22254336
0.22926317
0.24672326
0.23230379
0.21753311
0.19986928
0.19966865
0.22394824
0.22386001
0.2246544
0.22293606
0.21678127
0.22253319
0.23430852
0.21793297
0.21213436
0.23388358
0.22553807
0.20150247
0.19574099
0.21331941
0.21547616
0.21215201
0.20882122
0.21449671
0.2335884
0.20990133
0.2012423
0.21250492
0.19575689
0.20634323
0.20780728
0.18918996
0.19915462
0.2006921
0.21285568
0.22047342
0.2178792
0.21737456
0.21854907
0.23132688
0.23017763
0.22396012
0.22670688
0.23464972
0.23009509
0.2245964
0.23844251
0.2426594
0.23729112
0.23021016
0.2280859
0.23517091
0.23684288
0.24735457
0.25325734
0.25182089
0.23326732
0.21979415
0.22982612
0.21835143
0.21466774
0.23123132
0.22588365
0.2349232
0.24298242
0.22724967
0.2261051
0.23514747
0.24166997
0.24459754
0.22896686
0.21874187
0.22590666
0.22734227
0.22887952
0.22874974
0.23913131
0.23938067
0.21673591
0.21472585
0.22730223
0.22545187
0.21117294
0.21704216
0.23690502
0.22963339
0.22007182
0.22661983
0.19323473
0.14472267
0.12428922
0.14878482
0.17524739
0.16447584
0.15457829
0.17285897
0.19862874
0.19612326
0.19708948
0.17602288
0.1547853
0.16595127
0.17449721
0.19398633
0.20935508
0.18294221
0.19613618
0.21503559
0.2060343
0.206884
0.18993262
0.19267512
0.2138604
0.22622183
0.2293389
0.21227847
0.19851593
0.22025496
0.23669029
0.22400807
0.20505791
0.21255556
0.22338426
0.21621224
0.2125673
0.21348633
0.23040628
0.2072746
0.19475221
0.23333504
0.2287831
0.23016657
0.2412508
0.24216113
0.21976607
0.18701631
0.20007305
0.22795586
0.22664734
0.19347915
0.18914004
0.20756162
0.20940874
0.21163352
0.22002412
0.22320209
0.20624558
0.20736623
0.20269327
0.20406802
0.22568526
0.22464077
0.20936644
0.22068332
0.23620197
0.21621669
0.21712757
0.21921365
0.2307954
0.2315051
0.22183419
0.21538004
0.21303052
0.20689079
0.20326204
0.20177004
0.18295828
0.17506882
0.18999134
0.21683555
0.2118689
0.21494171
0.22216717
0.21160629
0.21053303
0.22150237
0.21215275
0.19094469
0.2028052
0.16893402
0.11491224
0.10380647
0.1196647
0.14726904
0.19024484
0.2396254
0.24408167
0.24968836
0.25781903
0.24441333
0.25174005
0.25805741
0.23877751
0.24206286
0.25385689
0.25608537
0.26483267
0.26381969
0.25306543
0.2467184
0.25467218
0.25881939
0.25011474
0.25190282
0.24846328
0.24477366
0.25041596
0.26634622
0.26129603
0.24263863
0.24862273
0.2509876
0.25309257
0.24697041
0.26044486
0.25620475
0.25139737
0.25922906
0.24606874
0.25090477
0.24775858
0.24847844
0.26121357
0.26946073
0.27473583
0.25546745
0.23965552
0.25180756
0.25762947
0.26137901
0.25839463
0.24510402
0.25667248
0.26800151
0.25806208
0.24662651
0.25214589
0.26040039
0.27230922
0.27978494
0.25505433
0.25657835
0.26912215
0.26227605
0.26631547
0.25327348
0.24694896
0.24826323
0.25368256
0.27637377
0.27290141
0.25967134
0.25833603
0.25111581
0.25669271
0.26506273
0.2616684
0.25356204
0.24122386
0.24848662
0.25706983
0.24680411
0.24285262
0.2463298
0.23755263
0.23023111
0.23847213
0.24845858
0.259597
0.25107102
0.24267703
0.24986828
0.23152982
0.21422709
0.23290807
0.24988443
0.2426224
0.24016846
0.23330256
0.24226309
0.25003725
0.24845872
0.2480364
0.24951382
0.24785946
0.24256197
0.25084729
0.24595057
0.23255255
0.23625262
0.23512523
0.23509952
0.23999089
0.22306585
0.22285693
0.24133279
0.24858498
0.25027165
0.25872499
0.26643254
0.25533172
0.25626299
0.26329852
0.26417595
0.251824
0.2532376
0.26543803
0.24684411
0.23891869
0.25235651
0.25693312
0.24983324
0.2548676
0.26273156
0.25105977
0.23920538
0.1775513
0.1082231
0.10309186
0.13988419
0.15662214
0.15823114
0.20027268
0.22753736
0.21940526
0.21546652
0.2190415
0.22253723
0.23253777
0.21735424
0.21076774
0.21086244
0.1932329
0.18898487
0.21814625
0.24291049
0.24748557
0.2294254
0.22068904
0.23772414
0.21704148
0.22458744
0.24995698
0.24704949
0.24213011
0.23373514
0.23239963
0.23707801
0.24865335
0.24968965
0.24037652
0.25067007
0.25138982
0.24440072
0.24020644
0.23741484
0.2428896
0.23955428
0.21337814
0.22541577
0.24628625
0.23660514
0.24090364
0.23675606
0.23228327
0.24032542
0.23260415
0.21775185
None
None
None
None
None
None
None
None
0.21669306
0.2170577
0.22702845
0.21680743
0.19284547
0.19684534
0.20737755
0.21829337
0.24982436
0.25567466
0.22560826
0.22583627
0.24664202
0.24861381
0.23585927
0.22538333
0.23622442
0.23761321
0.22698923
0.22004608
0.22418255
0.21022164
0.20622776
0.23264338
0.22677283
0.22155583
0.22061732
0.22163843
0.24333597
0.2452167
0.2296816
0.20689205
0.20820733
0.22629265
0.21980055
0.20977019
0.21641013
0.23631685
0.23461418
0.22530676
0.22048789
0.21146252
0.21534818
0.21201324
0.20878013
0.20928549
0.21364823
0.21315817
0.2034276
0.19703629
0.19325125
0.20427262
0.21613986
0.22879964
0.22656627
0.23033499
0.23001416
0.22064932
0.22173167
0.231344
0.23159355
0.21647921
0.22474608
0.22106544
0.2212298
0.22006304
0.20494974
0.20244295
0.20567721
0.21009122
0.2213863
0.20752205
0.20797091
0.20087067
0.1810882
0.18055573
0.1865027
0.20100033
0.17881084
0.17885847
0.20031889
0.20172997
0.20840782
0.20569513
0.19408707
0.19285369
0.18690694
0.1919732
0.18036419
0.14229339
0.12379847
0.11530501
0.11236081
0.16632192
0.17132349
0.15781854
0.17776417
0.19080182
0.21522926
0.21051293
0.2184898
0.22564686
0.20672942
0.20304739
0.21582243
0.20568989
0.1907975
0.21039981
0.20941307
0.19086589
0.2040822
0.21278502
0.21455729
0.20832162
0.20038513
0.190982
0.19397458
0.20934807
0.20862522
0.20299283
0.19625268
0.19848717
0.20467073
0.21056214
0.19978256
0.20938896
0.22516086
0.21321034
0.19477433
0.19483784
0.22519694
0.24219732
0.23893339
0.23688524
0.2183031
0.19415849
0.21003438
0.18662811
0.17505896
0.22031977
0.20715464
0.1972256
0.22094438
0.20040007
0.19507777
0.23106435
0.22847292
0.22351786
0.22794622
0.22929541
0.23965246
0.21878347
0.21790263
0.22777092
0.21866972
0.2289987
0.22798375
0.2234295
0.22461346
0.21413618
0.23027787
0.2345388
0.22833682
0.23607559
0.23100082
0.22063474
0.23310543
0.24376089
0.20474985
0.20232885
0.23192592
0.23591642
0.24471594
0.24686584
0.25667074
0.25188614
0.23861685
0.25062798
0.25442148
0.25208572
0.26150252
0.26823142
0.25499405
0.24894724
0.25599206
0.25549997
0.26639518
0.27397612
0.26426038
0.25624622
0.26016704
0.2551539
0.24825594
0.26217942
0.26943505
0.26495615
0.25514123
0.25821777
0.25786352
0.25306972
0.25769115
0.26717404
0.26479629
0.24542502
0.24970999
0.25581066
0.25089469
0.25738344
0.26573124
0.25824156
0.24641757
0.23952664
0.24431679
0.25688078
0.24936533
0.24744626
0.24101608
0.22749163
0.22138345
0.21629568
0.22094633
0.22060382
0.19887308
0.1702959
0.18947479
0.20739954
0.20800014
0.2217871
0.22454771
0.21816315
0.20255653
0.19289558
0.1875456
0.19941423
0.21242732
0.1985304
0.20600323
0.21830349
0.19979502
0.20084332
0.19808416
0.1705531
0.181023
0.17953729
0.18924741
0.19438245
0.17664587
0.18176453
0.15405457
0.16378789
0.17731659
0.17358546
0.17783956
0.16960653
0.16335207
0.12823331
0.11896673
0.14306839
0.1558451
0.14896192
0.13969702
0.15897256
0.15419495
0.14193906
0.15993181
0.18601283
0.16823578
0.14479665
0.16027273
0.18715209
0.19364371
0.15894493
0.14391421
0.15527441
0.16846256
0.17227432
0.17372241
0.16557168
0.18506404
0.20979675
0.19091914
0.18566623
0.19627072
0.19230081
0.20245525
0.21149904
0.20210672
0.20905077
0.20964488
0.20308547
0.20149753
0.22110397
0.22792689
0.2047495
0.19921326
0.20027346
0.20476478
0.20772907
0.18406306
0.19487435
0.19757416
0.19119736
0.20589448
0.18707478
0.17999798
0.18249275
0.1713421
0.17780645
0.18729931
0.16889203
0.18717321
0.21528756
0.21353382
0.20209636
0.19026967
0.1929914
0.19148008
0.17911852
0.18251004
0.18158936
0.1814935
0.19089091
0.19086568
0.19757011
0.18931875
0.18155303
0.17258224
0.16520008
0.17865886
0.16449859
0.16135646
0.19202749
0.20291814
0.19484394
0.18696517
0.18312614
0.1752138
0.18094099
0.1942939
0.21755149
0.20840004
0.1958839
0.19344507
0.1928894
0.18215616
0.17326382
0.19262555
0.1836079
0.17264284
0.16039141
0.15665443
0.16579008
0.18334261
0.18188155
0.16323543
0.18046277
0.18344543
0.17323321
0.18247376
0.1912066
0.19098483
0.20478158
0.20524081
0.19993335
0.21466551
0.21383797
0.20794977
0.20355796
0.20971011
0.19427574
0.18992593
0.22151486
0.20675134
0.19242419
0.21860112
0.21818017
0.2112895
0.21485874
0.21461682
0.20349311
0.16553737
0.15384258
0.15513339
0.14622135
0.15496986
0.17753314
0.20677602
0.22126221
0.2163019
0.21109316
0.19849686
0.20613456
0.20763457
0.19642397
0.22712435
0.22519947
0.19692937
0.19239913
0.19569122
0.2115008
0.21023159
0.20739863
0.22217098
0.19702032
0.17277641
0.1948051
0.19165772
0.1746722
0.1788723
0.17541425
0.18734247
0.16767865
0.14139322
0.15749862
0.17061462
0.16636796
0.17165244
0.19494309
0.19112833
0.17346276
0.16775205
0.17483876
0.18996969
0.21167817
0.2263565
0.22142989
0.21995367
0.21714238
0.22385706
0.22186842
0.21151828
0.22244285
0.21558229
0.19696046
0.18358535
0.20068738
0.22385911
0.21469675
0.20374549
0.19214692
0.19601498
0.20717939
0.18636492
0.18376308
0.19855147
0.20206345
0.20778965
0.19596705
0.1781247
0.17851187
0.19590112
0.17111531
0.16388373
0.19580359
0.20209424
0.20211127
0.1905887
0.19544526
0.21079503
0.2115545
0.21198206
0.21491082
0.20429404
0.19279801
0.21972144
0.23562396
0.21169198
0.21110173
0.20945794
0.19486489
0.20261387
0.20827279
0.20858141
0.19688962
0.18982426
0.20803332
0.21698413
0.18296586
0.17214188
0.18843089
0.17484666
0.19181093
0.20078612
0.20181392
0.22254604
0.23349059
0.23956374
0.23794293
0.22941338
0.2268516
0.22654881
0.22906815
0.25234365
0.25329121
0.23609212
0.22411233
0.21784551
0.22313368
0.23413482
0.23083445
0.22581466
0.22548896
0.2414018
0.23055525
0.2037079
0.22541382
0.23508317
0.22791599
0.23410122
0.23605873
0.20796931
0.21139093
0.23178072
0.2239429
0.22379279
0.23691413
0.24438444
0.22889899
0.2208001
0.2332081
0.21953456
0.21957884
0.24833107
0.24432971
0.18067887
0.11411472
0.0992312
0.10114506
0.11146206
0.12427508
0.1467347
0.1751344
0.18200649
0.16306635
0.16535331
0.1781746
0.18081679
0.19462274
0.19640118
0.19587904
0.21872101
0.21360307
0.19491971
0.21124141
0.21432459
0.20871773
0.21412718
0.21775349
0.2369088
0.25208563
0.23519709
0.22622882
0.2286109
0.22894131
0.20778743
0.19443532
0.19695153
0.19328126
0.1675562
0.14709749
0.17162354
0.19325289
0.20198811
0.18663193
0.17943488
0.19261926
0.20387726
0.20857871
0.19773838
0.17873989
0.17429442
0.17854044
0.17914475
0.18775667
0.19492228
0.20434084
0.18623492
0.18019568
0.19376326
0.18005786
0.20436925
0.18090783
0.14931401
0.16125868
0.15152124
0.15621515
0.17340287
0.17922397
0.18341055
0.18221462
0.17659114
0.19613448
0.2041897
0.22342337
0.25358429
0.24917935
0.22833168
0.22678046
0.23651385
0.23520829
0.22414898
0.23144236
0.23784135
0.22509677
0.22531443
0.19374673
0.13509617
0.10072438
0.09183529
0.09583189
0.13427236
0.17487256
0.16574706
0.17551902
0.18987919
0.16242677
0.15838316
0.17864231
0.20005954
0.19675585
0.19589326
0.19501282
0.19894335
0.21068638
0.20819779
0.22074933
0.22651111
0.23525854
0.24028554
0.23318293
0.23234109
0.22355894
0.22598542
0.23706283
0.22354637
0.22279085
0.23329509
0.24668144
0.25344031
0.2463067
0.24491558
0.23815637
0.24211961
0.23640622
0.2233848
0.2421797
0.24864976
0.26191334
0.25933573
0.2511036
0.26181026
0.24945758
0.23710151
0.24102394
0.24513915
0.2423324
0.24923726
0.25218696
0.24878395
0.24510059
0.25829968
0.25411536
0.24768951
0.26149443
0.24459957
0.23970652
0.25820877
0.25574256
0.25394653
0.25587276
0.25800246
0.25993614
0.25675406
0.25356585
0.22774942
0.22933631
0.25087296
0.24405032
0.23318448
0.23836495
0.22568341
0.23596288
0.26087696
0.23892605
0.23543702
0.24744807
0.23484488
0.2363647
0.24758266
0.21992397
0.20858653
0.23168973
0.24203626
0.21534876
0.21658272
0.24832748
0.24401466
0.23576
0.24729046
0.24906818
0.22941453
0.22895071
0.23799825
0.23408607
0.21327146
0.2120417
0.22102771
0.21076718
0.22860207
0.23204914
0.21003722
0.22462146
0.22569023
0.22016359
0.24082745
0.2299911
0.21004495
0.22466618
0.22710246
0.21165156
0.22187297
0.2305733
0.22387696
0.20927549
0.20189072
0.19835964
0.20622677
0.21075332
0.20957685
0.22056093
0.20620216
0.15075027
0.10164887
0.09707061
0.11449998
0.12846993
0.17214482
0.20288919
0.20265025
0.20794944
0.20739504
0.21662751
0.2178809
0.21512174
0.20596327
0.19787402
0.21703549
0.24111825
0.22927559
0.21886658
0.21078674
0.20955438
0.22641713
0.23033992
0.23139235
0.22719912
0.2216388
0.23256253
0.23414599
0.22018804
0.21444426
0.22424542
0.20924993
0.21396181
0.23172302
0.21170249
0.19974263
0.20843732
0.22948919
0.23476726
0.2449171
0.23824436
0.21077782
0.2191137
0.23247773
0.23434626
0.24400463
0.24907771
0.26013554
0.25954937
0.24870379
0.24048282
0.24493506
0.25249782
0.24765956
0.24393137
0.23701842
0.24209144
0.25114289
0.26346262
0.26763362
0.26845159
0.27747438
0.25917183
0.24426608
0.26245562
0.2720461
0.2627929
0.25670298
0.25352975
0.25693144
0.27697156
0.26876343
0.24992533
0.24778937
0.25611812
0.26280565
0.26505006
0.25733944
0.252738
0.2603048
0.25780078
0.2576149
0.25687853
0.26587629
0.26063142
0.24885335
0.25517517
0.26727324
0.26389294
0.25504334
0.26329996
0.27026706
0.26894677
0.27196017
0.26514235
0.26588328
0.26923146
0.25175603
0.2360772
0.25645999
0.26762909
0.25510127
0.25940858
0.26569472
0.26674297
0.24181809
0.23731007
0.23743307
0.23564224
0.24547228
0.24331312
0.24679361
0.23631045
0.20911972
0.18968519
0.18104593
0.19746759
0.21529026
0.22239625
0.22913108
0.21095139
0.20401268
0.20915899
0.21915271
0.21885834
0.2069408
0.2139688
0.21647208
0.19112187
0.19992255
0.22993596
0.19729746
0.19085768
0.22333995
0.20663009
0.20348284
0.22248264
0.21675823
0.21295707
0.20760303
0.19655647
0.19879591
0.19916641
0.21602939
0.22653304
0.21741142
0.2085664
0.21437248
0.21410664
0.21086625
0.22542315
0.19509621
0.18060125
0.20972946
0.2159547
0.20862163
0.19338661
0.18147645
0.19473781
0.17509938
0.15109026
0.1797312
0.1891783
0.18036528
0.19035839
0.20558241
0.19904384
0.15017934
0.09362645
0.08625813
0.11207788
0.12051103
0.15097842
0.18590229
0.20334765
0.19928556
0.20478492
0.21601184
0.17648924
0.15503607
0.18620595
0.20817695
0.21488825
0.21033196
0.20064621
0.21259466
0.20938474
0.21568262
0.2237233
0.21016196
0.20337718
0.2005185
0.19951692
0.20212885
0.20092405
0.1834532
0.19169988
0.22118995
0.221525
0.21145681
0.20490696
0.21022009
0.17338105
0.1654229
0.20277363
0.17863276
0.17072297
0.18119213
0.17498002
0.19815028
0.18920881
0.16850011
0.19539966
0.20226272
0.19921464
0.20370221
0.20197959
0.18840197
0.18611864
0.19416091
0.19097987
0.19210542
0.18272586
0.16931541
0.1539812
0.17138496
0.17953827
0.1641801
0.16847127
0.18031499
0.20635987
0.20831246
0.18772842
0.17839176
0.17604064
0.19935279
0.21116029
0.18633192
0.20021249
0.21277085
0.19190186
0.19911667
0.21910366
0.21144649
0.20665335
0.20424684
0.21491847
0.2364211
0.24139548
0.25112732
0.25775264
0.24360368
0.24213132
0.24757767
0.24129959
0.24628488
0.24263771
0.23014416
0.25155619
0.25231799
0.23290604
0.22443546
0.23648988
0.23487647
0.22088625
0.21190581
0.20506808
0.21934733
0.21011846
0.21006775
0.15636296
0.08722035
0.11298315
0.15624955
0.17930268
0.20586982
0.21913897
0.2300956
0.22594941
0.22884926
0.22887652
0.22139552
0.23508454
0.22722115
0.22534068
0.22366847
0.22310027
0.23958965
0.24217073
0.2407041
0.24570697
0.24022476
0.2370517
0.24613596
0.23850363
0.23100151
0.23283457
0.22098926
0.21266116
0.21670422
0.17103461
0.1090597
0.09410555
0.10299135
0.13090243
0.14618513
0.16583871
0.17535575
0.19231654
0.20636719
0.19358833
0.1824885
0.17373665
0.21116027
0.23351784
0.21754309
0.23135837
0.21197647
0.20109321
0.23019776
0.22083991
0.20628187
0.21462461
0.22333717
0.2213202
0.20042208
0.19197036
0.18738989
0.19065328
0.20157769
0.20561038
0.21261724
0.20127484
0.19517746
0.1955176
0.21549383
0.22741192
0.20680078
0.19341999
0.20205431
0.20844299
0.21507398
0.23134789
0.21221456
0.20247306
0.22186945
0.22860886
0.24550438
0.23757564
0.2295644
0.20946176
0.18511101
0.20701994
0.21026438
0.20568024
0.2223926
0.23097096
0.22769873
0.23142484
0.23531671
0.2361415
0.22376432
0.21855032
0.21296874
0.21046478
0.22196189
0.22825205
0.2206881
0.20639643
0.22873728
0.27166092
0.27131952
0.25947203
0.26076012
0.2503023
0.25806565
0.26512628
0.25097466
0.25533908
0.25187066
0.24434076
0.24441288
0.24043901
0.24752125
0.24333808
0.23217976
0.2407614
0.27044679
0.26994982
0.2490158
0.2510333
0.25540111
0.25669384
0.26908628
0.25602817
0.24735854
0.2652353
0.26726155
0.26550779
0.25857111
0.24970797
0.2574441
0.25151219
0.24598092
0.2599993
0.26160106
0.24539195
0.24143687
0.24662402
0.25316569
0.26449017
0.25671903
0.25414463
0.26662985
0.23440686
0.21390034
0.2275183
0.23107112
0.22796508
0.22622887
0.2318421
0.23474434
0.24325575
0.22008404
0.22248274
0.23574028
0.19042673
0.13995241
0.11916265
0.14258014
0.16339238
0.15717572
0.17251121
0.18941966
0.19342843
0.20004576
0.19877584
0.19549593
0.20400199
0.20721604
0.21823699
0.23787196
0.21569448
0.19466481
0.20582059
0.2020149
0.19579075
0.21508362
0.22650854
0.21898137
0.21618841
0.21777524
0.22067249
0.22024542
0.22517528
0.22920358
0.22837638
0.2272513
0.23001786
0.22394782
0.22592166
0.24023908
0.23504947
0.21706226
0.21865695
0.21276948
0.20294392
0.22258077
0.22756761
0.23414198
0.24229473
0.23480063
0.22503969
0.22564696
0.22166462
0.21802997
0.22329683
0.22912999
0.22481149
0.21819988
0.2157572
0.20834907
0.20791507
0.20229189
0.20264089
0.21452484
0.22767837
0.21632453
0.21969972
0.23180211
0.23014177
0.23756397
0.22333679
0.22395312
0.23938285
0.23623059
0.22079594
0.21846882
0.21773023
0.22243524
0.24416745
0.25562934
0.24249089
0.23067883
0.22883447
0.22804696
0.21950137
0.21893709
0.23561591
0.23557065
0.23827601
0.23514914
0.20963584
0.20754929
0.2069649
0.19894826
0.21576582
0.22528009
0.23125895
0.24705934
0.2181332
0.21549991
0.22964536
0.2211211
0.23081097
0.21532388
0.20426044
0.16085106
0.10613847
0.13224043
0.16502322
0.18679841
0.20386901
0.21808824
0.2252922
0.22169576
0.21995283
0.22222548
0.24458041
0.23776548
0.24411803
0.24989074
0.23009227
0.23137059
0.22039107
0.21620467
0.21795578
0.22119302
0.2310463
0.23944616
0.2494627
0.25253286
0.25663583
0.24291062
0.2355881
0.22905042
0.21611635
0.21359727
0.23035564
0.2514587
0.24766995
0.23805731
0.21761492
0.21163068
0.21876092
0.21553988
0.20549993
0.19983036
0.21543318
0.22097805
0.21948877
0.21860652
0.22149023
0.22854135
0.23195548
0.2271539
0.22606994
0.24183277
0.23580959
0.21876238
0.20142003
0.2211661
0.25066043
0.23525433
0.2206723
0.2302427
0.23086282
0.23007697
0.22289985
0.20321803
0.21052055
0.20929832
0.21470761
0.21677748
0.20725674
0.21665363
0.19473615
0.15496322
0.14895552
0.12546931
0.12137625
0.1315709
0.13580671
0.15514948
0.14523965
0.15035655
0.17504229
0.16127743
0.16972757
0.18619094
0.14700177
0.1392916
0.16540807
0.17839113
0.1727633
0.15819023
0.1531498
0.15144173
0.15874891
0.15491948
0.14048024
0.1694951
0.19738876
0.19500544
0.18499252
0.19544904
0.20402414
0.17187147
0.17246592
0.18548094
0.16314582
0.16978745
0.20920571
0.21599714
0.21451557
0.22822005
0.23971457
0.22093934
0.21075539
0.23242683
0.23290371
0.23857888
0.24666543
0.23816313
0.24979236
0.25490347
0.24399051
0.25397934
0.24781398
0.24631099
0.24509957
0.22352494
0.21617337
0.22235613
0.2363237
0.23160826
0.23559007
0.24017664
0.22584426
0.22801124
0.23432655
0.22772439
0.23786452
0.2538605
0.24264242
0.2404098
0.23627611
0.22988627
0.24589051
0.25678116
0.25396304
0.25195933
0.24107796
0.21626751
0.19179496
0.19663529
0.21613857
0.22619729
0.22240865
0.22454638
0.23875556
0.24618573
0.24744824
0.23729016
0.2206613
0.21682832
0.23052723
0.23365077
0.23440309
0.23941257
0.24994709
0.25337324
0.24794821
0.2430269
0.24555909
0.2491602
0.24556693
0.2400226
0.22897092
0.23556782
0.24121825
0.24536553
0.24958495
0.24444486
0.23559517
0.24310904
0.25318504
0.2442915
0.24652196
0.24955443
0.2354016
0.23093916
0.22421026
0.21738708
0.2279164
0.22780179
0.22191898
0.22805935
0.23905551
0.23400353
0.24461357
0.26960708
0.24635147
0.22449567
0.23463796
0.24214063
0.22306574
0.2055532
0.21488364
0.23448536
0.23119069
0.23440883
0.24795032
0.22523836
0.22032769
0.23349924
0.22923149
0.2193307
0.22228415
0.22197057
0.22534443
0.21461904
0.16685825
0.12529343
0.1376296
0.17893036
0.19245374
0.20124492
0.21813154
0.23672322
0.23029187
0.21853164
0.23932258
0.24794192
0.23831042
0.24465348
0.2400126
0.2273836
0.2312475
0.2488299
0.25115314
0.24252006
0.2487956
0.25657325
0.25395492
0.25038277
0.25367156
0.26132793
0.25284025
0.24361073
0.23998998
0.22633547
0.22998689
0.23843558
0.24478479
0.23425528
0.22780265
0.23602322
0.25000037
0.25984084
0.25570202
0.25179444
0.25033602
0.24098437
0.23575836
0.24394138
0.25332833
0.24827953
0.2276967
0.22397663
0.23171397
0.22123471
0.22504606
0.23360693
0.22648653
0.22595866
0.20694561
0.20304648
0.22625693
0.23980324
0.23798339
0.21490906
0.20344202
0.21253585
0.2050063
0.19614705
0.19185846
0.20438749
0.21604372
0.22183973
0.23647513
0.24027936
0.23749943
0.2215732
0.21012756
0.21259146
0.21443122
0.19346208
0.19954631
0.22520837
0.22424674
0.22344726
0.20845275
0.1925269
0.14781885
0.13413584
0.18380294
0.21373603
0.21499552
0.21343019
0.23153246
0.22205323
0.22151713
0.23798301
0.2275901
0.21756573
0.22980983
0.23681551
0.20545874
0.21642513
0.24640774
0.25299792
0.25215171
0.23533901
0.2348272
0.24401033
0.25165066
0.2449036
0.24241015
0.24464755
0.25211844
0.25082685
0.24383301
0.2340176
0.2093834
0.20912599
0.22272418
0.23087062
0.23459309
0.20900609
0.20493055
0.21159845
0.20923476
0.22181326
0.2319879
0.21911889
0.21824029
0.22950434
0.21792961
0.22146019
0.23199422
0.22295734
0.22311242
0.23797871
0.22967389
0.2279746
0.21814162
0.21459552
0.21988105
0.19480217
0.19003425
0.19938227
0.19534312
0.19921738
0.20884952
0.19363492
0.20324461
0.23919525
0.20997366
0.18247772
0.19926318
0.21861045
0.21176323
0.20573551
0.1995191
0.1944592
0.22061091
0.2340934
0.2223092
0.2131798
0.21967518
0.20019493
0.19789989
0.22098017
0.2349328
0.22959504
0.23082165
0.23915669
0.22388624
0.22965178
0.22469375
0.22208696
0.21015494
0.19615029
0.22400542
0.2313271
0.2317297
0.22046839
0.22754217
0.25624525
0.25622496
0.25872661
0.24514967
0.22006391
0.22362048
0.23406569
0.23427615
0.24271617
0.24063129
0.22574331
0.23303724
0.23420559
0.23531995
0.22152745
0.21602983
0.24202132
0.23752535
0.23643233
0.24503031
0.25134397
0.25707529
0.24193596
0.22598658
0.2313646
0.24246
0.24035069
0.23523677
0.22629913
0.22233484
0.23106044
0.22394587
0.21066735
0.20821055
0.20920847
0.21775161
0.22903885
0.23664832
0.22805825
0.20883094
0.18515928
0.1415283
0.12062787
0.13201791
0.15233774
0.1905188
0.19880416
0.20226812
0.21494027
0.22008077
0.24119001
0.25583872
0.25676026
0.24800097
0.2318947
0.22992714
0.24492211
0.24321603
0.25138555
0.25627241
0.23483235
0.23684492
0.24114978
0.22974921
0.23076313
0.23548531
0.22119891
0.21686744
0.22945159
0.21233532
0.21930364
0.21709596
0.21108806
0.22886476
0.2287389
0.23546239
0.23201081
0.22393405
0.2284528
0.25059283
0.25531238
0.23362994
0.23208468
0.24440191
0.25085485
0.24142551
0.22175517
0.23378247
0.24416686
0.23546092
0.24777731
0.26960594
0.28332539
0.26749056
0.25152767
0.26505353
0.26403707
0.24876057
0.25293928
0.26227379
0.23868676
0.23365969
0.24242833
0.25150357
0.25817334
0.25055554
0.23709779
0.2270215
0.24004647
0.25233769
0.24763475
0.23737044
0.24112237
0.24745193
0.24913824
0.24826832
0.24872789
0.24788862
0.24587037
0.24665739
0.24401241
0.24920557
0.24948813
0.23135617
0.23490458
0.24311748
0.24382623
0.24341591
0.24635857
0.24990619
0.25388383
0.25167195
0.24148768
0.24449303
0.24750866
0.25222788
0.25537272
0.2523088
0.23936486
0.22978252
0.25080385
0.2671183
0.25760864
0.23899425
0.24549762
0.25770135
0.24733467
0.23610611
0.17594938
0.17151643
0.1809642
0.14533941
0.1845784
0.21119615
0.21242584
0.23998755
0.2543315
0.23843412
0.23733383
0.24635638
0.23798399
0.24781002
0.25068968
0.25117099
0.26154255
0.25050483
0.24814416
0.24454233
0.23911927
0.23444975
0.22202079
0.22253153
0.23709182
0.23762853
0.22701449
0.24002987
0.24748789
0.23761836
0.23820911
0.23122258
0.2259691
0.22728596
0.22890555
0.21578082
0.21222381
0.23413601
0.23650222
0.23036289
0.22295533
0.2263883
0.23411407
0.23931659
0.24690818
0.24224881
0.232884
0.21284475
0.21448424
0.22955908
0.2251143
0.22229597
0.22102294
0.22261787
0.23609557
0.25484722
0.26310579
0.23675763
0.22831478
0.23488226
0.23894922
0.24006989
0.22812357
0.24059888
0.23081563
0.20944697
0.21634171
0.23568519
0.22406154
0.21667497
0.2431167
0.24394028
0.22887502
0.23800303
0.24823282
0.25120492
0.2468506
0.23534667
0.23265947
0.23296591
0.24101448
0.26193451
0.2626341
0.25166716
0.25249797
0.24397007
0.26649241
0.26972595
0.25509773
0.2476066
0.2455313
0.26090485
0.2507425
0.26439667
0.28758338
0.27317489
0.2424637
0.24009395
0.25636852
0.24576576
0.24128231
0.22903273
0.22152807
0.23914026
0.25505692
0.26107028
0.25971373
0.25738071
0.2482366
0.252713
0.24534037
0.2340004
0.24633084
0.2559598
0.26749595
0.26237864
0.24827582
0.24525806
0.24605057
0.26474118
0.25394306
0.24006227
0.23795269
0.24238836
0.25328244
0.25381091
0.25997578
0.26025594
0.25492807
0.24771569
0.23622157
0.23327278
0.22962402
0.22923891
0.23588684
0.21311859
0.156977
0.12902712
0.18100743
0.2348917
0.24966376
0.25229102
0.2527372
0.26046974
0.26224667
0.2475568
0.25116272
0.26329563
0.27194803
0.27323696
0.2628243
0.26442037
0.27556304
0.28661587
0.27482845
0.25778828
0.26033091
0.2508627
0.23479047
0.23248325
0.26028219
0.27794418
0.2582223
0.26191223
0.25687696
0.24908827
0.26770653
0.27190833
0.26230667
0.26783959
0.27695288
0.27990532
0.26610957
0.27170599
0.27724716
0.26468665
0.2708293
0.23808627
0.23135101
0.2647632
0.2703732
0.27351606
0.27748179
0.26626745
0.25645243
0.25907237
0.26262691
0.25856123
0.26665399
0.27906347
0.27404376
0.26715456
0.25493965
0.26375771
0.27552016
0.27918996
0.2658977
0.26275168
0.26968817
0.25777016
0.26903005
0.27502585
0.26592646
0.26225098
0.26958927
0.25680626
0.24724499
0.23376778
0.25206943
0.25384885
0.2348617
0.24292973
0.24075297
0.27044974
0.24547166
0.23205037
0.26896031
0.26030163
0.24850771
0.26251231
0.27309085
0.2616917
0.26644392
0.25456448
0.2512125
0.26792943
0.28010445
0.29466044
0.2693542
0.26253022
0.28703294
0.29616935
0.28210739
0.26889664
0.25393533
0.23776573
0.21604566
0.23582406
0.27620463
0.27763535
0.26481181
0.24135071
0.21125355
0.15971438
0.14109388
0.18779085
0.19713478
0.18933764
0.22926462
0.2319145
0.22438621
0.22566636
0.22133334
0.21554717
0.21068323
0.20771168
0.21741983
0.23648406
0.22008749
0.22261482
0.2444464
0.23108151
0.22322926
0.23394781
0.23714247
0.2343491
0.21707689
0.20654224
0.19256359
0.18987441
0.1908964
0.18937227
0.18857392
0.18178351
0.19475997
0.21109776
0.22192279
0.23590475
0.23629808
0.22832521
0.22391614
0.22975841
0.23673295
0.22158391
0.24036232
0.26829787
0.26118207
0.2511266
0.25734737
0.25662021
0.26319191
0.25883337
0.24379085
0.23973818
0.23483748
0.23994527
0.25527861
0.26359517
0.25326541
0.22166186
0.20017665
0.22325095
0.22911009
0.22585548
0.23767496
0.23260862
0.23701673
0.22422418
0.18055078
0.16089633
0.1759971
0.21341617
0.21963359
0.22011573
0.23789898
0.24560304
0.23088093
0.22628198
0.21626156
0.20211095
0.2347686
0.25748613
0.23829619
0.22126988
0.22448297
0.221812
0.20640547
0.19879072
0.20182135
0.2053033
0.21420048
0.21999265
0.22102741
0.22669573
0.22464527
0.21722317
0.22398483
0.23112982
0.23131339
0.22036432
0.21313979
0.23350584
0.24125784
0.21962251
0.21814767
0.22314824
0.22069894
0.23010489
0.24104469
0.24152444
0.22583192
0.21246317
0.22036387
0.24161117
0.25762402
0.25090932
0.23518796
0.23386286
0.21709685
0.22675439
0.24901587
0.24745533
0.25491841
0.25593175
0.25295065
0.24466624
0.23483686
0.24280627
0.24004684
0.23678409
0.24359778
0.24382603
0.24742544
0.23850628
0.2332098
0.22900936
0.2290507
0.23618991
0.24060352
0.24332198
0.24112514
0.24373734
0.23034851
0.23068621
0.24366846
0.23012325
0.20828108
0.22754494
0.24530554
0.24497394
0.24391038
0.24090174
0.24430727
0.23481695
0.24878671
0.24866972
0.22870239
0.24538216
0.24559444
0.22694156
0.24094348
0.24747932
0.23875011
0.24992542
0.26386898
0.25627467
0.24511398
0.23637641
0.23218297
0.2443276
0.2585766
0.24553286
0.240563
0.24971257
0.25271675
0.25538055
0.24797708
0.25208817
0.25574352
0.23655579
0.24080086
0.26618966
0.25580516
0.24941832
0.27575597
0.27244748
0.25036028
0.24177806
0.24566372
0.25744882
0.24303623
0.23773411
0.24939875
0.25693858
0.25735827
0.25287454
0.24671438
0.24932971
0.25184648
0.24218088
0.24136224
0.23137105
0.23566147
0.2592669
0.25338659
0.23730934
0.2355754
0.24410292
0.24562276
0.23398487
0.24339323
0.24572854
0.24454218
0.24859254
0.22785684
0.22312143
0.2462422
0.25242142
0.2384861
0.2236331
0.23292873
0.23687832
0.22360673
0.23353637
0.24772938
0.25233281
0.21568446
0.18375637
0.17099118
0.16879818
0.20020055
0.22177238
0.23609883
0.24232936
0.22586523
0.23687588
0.25293834
0.24143892
0.24037612
0.2488402
0.25802464
0.25756699
0.25688042
0.24794825
0.23894588
0.23823132
0.24467378
0.24158769
0.22329694
0.2306479
0.23517772
0.22456752
0.2314962
0.25210488
0.26566502
0.2542629
0.23884901
0.24446077
0.25438254
0.25561443
0.26428178
0.26094534
0.23872107
0.24056437
0.25534128
0.24208765
0.24201718
0.26145239
0.24152896
0.22707306
0.24780563
0.24994027
0.24275542
0.25313322
0.2487349
0.24055058
0.24766981
0.24887978
0.23667707
0.22039159
0.22148061
0.23090001
0.23906243
0.24394187
0.24040718
0.23150763
0.2230623
0.23800939
0.23550654
0.23540604
0.25244631
0.24604145
0.2517316
0.26590016
0.25493933
0.24650798
0.24526061
0.2409012
0.24519459
0.24313395
0.24430818
0.2514812
0.25224042
0.23560299
0.23739562
0.25300453
0.25937233
0.25744665
0.23741814
0.23689823
0.25220105
0.25575088
0.24421544
0.22909134
0.2404888
0.24714944
0.2205487
0.20622793
0.19851755
0.18751666
0.16883665
0.19046369
0.22542478
0.21606228
0.21125795
0.22165976
0.2515958
0.23079532
0.2127122
0.22288009
0.22137774
0.23466759
0.23534639
0.22943382
0.2358983
0.23374755
0.22822552
0.22063309
0.23137978
0.22526086
0.20507686
0.22931736
0.21441716
0.19574672
0.22459627
0.22851744
0.23070357
0.24729401
0.23616667
0.23546811
0.24720202
0.24559144
0.24067765
0.24526106
0.23788572
0.24235416
0.25254926
0.22892692
0.22827818
0.23440256
0.23988486
0.26219152
0.25721573
0.25364719
0.27727301
0.28502155
0.27659633
0.27434441
0.26533215
0.25728311
0.25085237
0.24734899
0.26654311
0.27330459
0.25213858
0.24049265
0.2403283
0.24467124
0.25175297
0.25380976
0.24915913
0.23436756
0.20311933
0.18727471
0.1821499
0.16126802
0.16296549
0.18435061
0.20705622
0.22779987
0.22642189
0.23444096
0.22882003
0.21709286
0.2344307
0.22710246
0.22649967
0.24628215
0.2383725
0.23569642
0.2459739
0.24949675
0.24412081
0.23163665
0.23669088
0.25287886
0.2367798
0.23141435
0.24714461
0.23835402
0.24412817
0.24536409
0.23771957
0.24117871
0.23676632
0.24074726
0.24628053
0.21997262
0.21841216
0.23546174
0.23050423
0.23481978
0.24012527
0.24332643
0.23783844
0.24039603
0.2521056
0.24676985
0.24827382
0.25291151
0.2524757
0.2468829
0.23789886
0.24700466
0.24649414
0.23635
0.23793626
0.24886812
0.25399317
0.24570529
0.25149009
0.24387425
0.23877031
0.2358551
0.2207943
0.22062657
0.23035232
0.24082882
0.2459227
0.2306366
0.20829319
0.23040353
0.24616343
0.23922717
0.23655078
0.20376236
0.20425369
0.23452005
0.24531921
0.24096833
0.22080827
0.21585222
0.22336986
0.24179564
0.26892195
0.24390186
0.23181294
0.25496916
0.25887557
0.25232627
0.22385593
0.21004374
0.23661812
0.26158394
0.25050272
0.2288765
0.21767805
0.22975489
0.22539743
0.23628821
0.255119
0.24216461
0.24639401
0.24038775
0.22931777
0.2326631
0.23755731
0.24187278
0.22657865
0.23909435
0.25701962
0.24737162
0.23789876
0.23806131
0.2445944
0.24377608
0.23636521
0.22942536
0.21800411
0.23731156
0.24255213
0.21985526
0.22230063
0.20428458
0.22327173
0.25808319
0.24012689
0.20276447
0.1706273
0.14556176
0.17088958
0.21777075
0.22771739
0.21648365
0.21332143
0.22276381
0.22506374
0.21914835
0.22010446
0.22297526
0.21215989
0.2166057
0.22451039
0.22731477
0.24182288
0.25143642
0.25228778
0.24149939
0.21764413
0.21572812
0.23405135
0.24514896
0.22554337
0.21018702
0.21741873
0.22105214
0.2220226
0.21963646
0.23147086
0.24498391
0.26621217
0.27669347
0.27642829
0.26388425
0.24998758
0.25637314
0.25348112
0.25382753
0.24384018
0.24404489
0.24721355
0.25409716
0.24020964
0.21875036
0.23797505
0.24569546
0.22822595
0.21503805
0.22583777
0.23942844
0.2433823
0.24744837
0.2422724
0.22968321
0.21983131
0.22234632
0.23866354
0.23645689
0.22277485
0.21207567
0.21170274
0.2200303
0.22647819
0.21535533
0.21269962
0.22353634
0.23008759
0.23682506
0.23542466
0.22326587
0.20659247
0.20786618
0.21865245
0.22191464
0.21994395
0.21198508
0.21171157
0.23234528
0.23159806
0.21603171
0.21709696
0.20869008
0.21210741
0.22944074
0.24427205
0.24852915
0.23571292
0.2360128
0.24011113
0.23846999
0.23575483
0.24299768
0.26751565
0.27530457
0.26436503
0.26527117
0.25408753
0.23374921
0.23894695
0.23793095
0.22605245
0.22944253
0.22800356
0.22595196
0.22095736
0.22860858
0.2311036
0.22733956
0.2265312
0.22967992
0.23254352
0.2190391
0.2212034
0.22626191
0.22285998
0.21596491
0.21931661
0.22487031
0.21356558
0.20426411
0.21490322
0.18808974
0.16389726
0.1531601
0.13135104
0.14062447
0.1817588
0.22005635
0.22274058
0.22535055
0.22645292
0.22462476
0.22353819
0.21322815
0.20865514
0.22332106
0.24951061
0.24312279
0.23455387
0.24566775
0.23978762
0.23925599
0.23586944
0.23292636
0.24861716
0.25870464
0.24329133
0.22756141
0.23006315
0.23288982
0.23772647
0.23126063
0.23978744
0.26044864
0.23691687
0.2201246
0.22814999
0.24314881
0.25596457
0.22506844
0.220813
0.23923742
0.24478176
0.25239177
0.24788821
0.24573428
0.23915245
0.23020002
0.23689989
0.21868215
0.21836878
0.24564002
0.24109686
0.21819225
0.20111668
0.21285625
0.2278893
0.2281409
0.21726141
0.19589815
0.19658385
0.22260355
0.21230369
0.18612631
0.19223049
0.23274588
0.24210908
0.23265751
0.23954302
0.24253086
0.23955563
0.23376536
0.23251093
0.2387746
0.24678839
0.2282853
0.22744819
0.22516409
0.22964912
0.25869159
0.25061992
0.23145955
0.2352487
0.25094407
0.26111651
0.24573211
0.21066045
0.20067999
0.18735185
0.19070912
0.20034349
0.19989034
0.20023673
0.18138204
0.198124
0.20841225
0.19352188
0.19678494
0.20618679
0.2069969
0.22453523
0.2313827
0.20647349
0.19057763
0.18811649
0.20874087
0.20481408
0.20734924
0.23020027
0.20044655
0.19661796
0.21661058
0.20996535
0.22574115
0.2309848
0.21689098
0.21567111
0.21440913
0.22355771
0.21035856
0.20294106
0.1985492
0.19324198
0.21564266
0.21735212
0.20428277
0.19949147
0.21056387
0.21150797
0.20363466
0.20564518
0.21216267
0.21463471
0.20870407
0.2165444
0.21929494
0.20333581
0.20294541
0.21517084
0.21990635
0.20393022
0.20630023
0.22274893
0.2205088
0.22462731
0.21560088
0.21151824
0.20193892
0.20611634
0.23081582
0.22832292
0.2215866
0.21084326
0.21304594
0.22436318
0.2337118
0.22016628
0.21288373
0.19960202
0.18967525
0.20671074
0.1929639
0.16885318
0.18069025
0.18343209
0.1786316
0.18377595
0.20600639
0.21004272
0.18205831
0.20498214
0.21029726
0.21325307
0.21686941
0.21269777
0.2212005
0.21265143
0.21125177
0.20605258
0.19984375
0.19879268
0.20502395
0.21057515
0.19641862
0.19544938
0.21741879
0.21101392
0.21296405
0.21315634
0.20513293
0.22046435
0.20727767
0.18086582
0.19668588
0.2111331
0.20246483
0.1960234
0.19090784
0.20349593
0.20119816
0.19247995
0.20039434
0.21373526
0.19496246
0.20529188
0.21746737
0.18508525
0.19024856
0.21776426
0.21257476
0.21258011
0.22401202
0.19859606
0.18773836
0.20593913
0.2012326
0.18600422
0.18630665
0.18115905
0.17524307
0.19826341
0.20041171
0.16973914
0.20286447
0.21707104
0.20387653
0.21605154
0.22133645
0.23145566
0.22999963
0.22752504
0.22960189
0.20051427
0.18121118
0.18652489
0.20115022
0.22057106
0.20702079
0.19974409
0.20544682
0.16654425
0.11773315
0.11158151
0.15678536
0.19906843
0.20785294
0.22813364
0.24753912
0.25018328
0.2493018
0.24928593
0.23858341
0.2303069
0.22355691
0.22631442
0.22666433
0.22888625
0.23830422
0.24393294
0.23898266
0.23788668
0.23711102
0.21985484
0.20255015
0.21293592
0.23677194
0.23039174
0.23460517
0.22204742
0.20483617
0.22313263
0.22919566
0.22978981
0.22437867
0.21763086
0.22266234
0.2335339
0.2434742
0.23634725
0.23108513
0.23086661
0.23824895
0.24542671
0.23016226
0.21485222
0.23831894
0.24236635
0.22067627
0.21997912
0.22069389
0.22121356
0.22476818
0.23755136
0.23357471
0.2325249
0.23636352
0.22878999
0.22987801
0.24313873
0.24410775
0.23162489
0.21891887
0.23095183
0.23386005
0.23236389
0.22623693
0.20827598
0.20089309
0.20169173
0.22637291
0.22638842
0.2012585
0.21396979
0.2478801
0.23752928
0.22150581
0.22046758
0.20847811
0.21708707
0.2379504
0.21190422
0.18952377
0.21255082
0.21576354
0.22059216
0.23046478
0.22703367
0.21667626
0.21152605
0.2290206
0.23861919
0.23857396
0.23889964
0.22966962
0.21590149
0.22212429
0.23028493
0.23857108
0.17620899
0.13058792
0.13621458
0.14680118
0.19450956
0.22650861
0.26199153
0.28257707
0.24352632
0.22368449
0.24352888
0.24671188
0.24846065
0.25097204
0.24334359
0.23353605
0.22676063
0.22066263
0.22937471
0.23949625
0.22473803
0.23167903
0.23176323
0.22110688
0.21354725
0.206587
0.21126831
0.20190637
0.20550077
0.22406696
0.21330595
0.20550308
0.19912504
0.1994685
0.2130911
0.20637997
0.20986188
0.22063007
0.21972181
0.21733064
0.21382153
0.19728416
0.19661759
0.21011019
0.21137824
0.21209481
0.20843139
0.1864875
0.19163082
0.2131627
0.20501103
0.18986611
0.19161779
0.19393596
0.18486653
0.17606812
0.1842477
0.20197138
0.16591095
0.10726825
0.10709242
0.09210308
0.06269396
0.06597376
0.08176264
0.11157845
0.1059246
0.09239473
0.10468984
0.11680279
0.14704577
0.15327898
0.14538343
0.14641515
0.15870823
0.17052924
0.17609708
0.16890616
0.17323965
0.18533825
0.18236307
0.18327459
0.16210533
0.11469875
0.07714278
0.06865312
0.07238947
0.08367395
0.10222112
0.1300445
0.14646618
0.18592937
0.20886425
0.19706695
0.19368624
0.19107338
0.18814497
0.1921443
0.20175815
0.21324509
0.22674093
0.22917196
0.22523056
0.23006606
0.20387913
0.12819118
0.09058226
0.10335588
0.13613107
0.1743325
0.20124995
0.21384786
0.2258414
0.21530357
0.20734774
0.21071181
0.21256511
0.22374042
0.21517255
0.2139081
0.22339369
0.22483966
0.21022887
0.19129279
0.17795037
0.17133668
0.17250466
0.16742025
0.1680908
0.17016645
0.16634516
0.17354039
0.17953263
0.16143384
0.14743641
0.16885383
0.15573798
0.14750202
0.17901569
0.18108637
0.15742294
0.12010224
0.11966315
0.12864407
0.11810039
0.10837933
0.09433595
0.11238218
0.14460636
0.13518689
0.11172643
0.10999997
0.11828506
0.1148852
0.09597275
0.11360729
0.13861606
0.14682957
0.1569775
0.16092787
0.16455461
0.16867633
0.14837933
0.14954134
0.18588492
0.18281653
0.17273036
0.18028553
0.18310326
0.16753514
0.1653325
0.17171532
0.18480846
0.20051797
0.19389691
0.18743999
0.19736079
0.1997212
0.17960734
0.17195922
0.17444121
0.16451846
0.16174303
0.16736432
0.16718442
0.18435419
0.19419952
0.17676551
0.1740496
0.16681877
0.15909106
0.1678867
0.18146001
0.19147972
0.18046978
0.16431694
0.15072653
0.17570369
0.19265512
0.1724561
0.15986346
0.17293258
0.17734459
0.16166849
0.16561877
0.18491876
0.17608163
0.16113978
0.16546141
0.16405692
0.16856943
0.17092961
0.17413481
0.17536308
0.17388003
0.1625309
0.15255387
0.17518718
0.18167795
0.1586819
0.16370251
0.18333019
0.17519505
0.17402228
0.16783586
0.15783676
0.1692941
0.17840959
0.12884574
0.08566966
0.07557396
0.09839578
0.13995912
0.1454099
0.14780464
0.14449128
0.15862976
0.17781811
0.18781293
0.17438163
0.17094318
0.14816336
0.15805878
0.17511972
0.15919774
0.15078466
0.12415788
0.15550961
0.15649973
0.12057873
0.13431539
0.16194755
0.16160545
0.16329182
0.18937396
0.17259258
0.15197912
0.15640322
0.14622355
0.15161796
0.14660922
0.13174242
0.16048032
0.14632086
0.13401535
0.15688185
0.15954837
0.16485623
0.15412886
0.16717914
0.17421145
0.15246774
0.15172046
0.14336344
0.1497577
0.14859487
0.14288909
0.13493107
0.14379084
0.16469744
0.14394049
0.13465985
0.13354671
0.138525
0.13054836
0.13087374
0.14429226
0.14871943
0.16283585
0.15789529
0.14702458
0.15762124
0.15925898
0.15187919
0.15013816
0.15068065
0.14680779
0.13998189
0.15430905
0.16575372
0.17627511
0.17077103
0.16300536
0.16643866
0.17234933
0.16015916
0.14734025
0.15152855
0.14633559
0.1458844
0.13408435
0.14075379
0.15462028
0.15243983
0.14433655
0.13312205
0.15679072
0.18636933
0.17048572
0.15369427
0.15212925
0.15769964
0.14936196
0.15097694
0.16418503
0.15285365
0.17164297
0.18455464
0.15488592
0.16504132
0.19391149
0.16790746
0.16237169
0.18924993
0.17585243
0.12512857
0.11080534
0.13614827
0.16967926
0.18554705
0.19442909
0.21187819
0.19340783
0.16462724
0.1649908
0.17860423
0.19149508
0.1767432
0.16117522
0.18766163
0.20221884
0.19530907
0.18719005
0.18691732
0.19289607
0.17988256
0.17820224
0.18838229
0.18210901
0.18183805
0.19514249
0.18123342
0.17214708
0.17754854
0.16837852
0.18373446
0.17800942
0.15649364
0.16133474
0.17967667
0.17959041
0.17377339
0.18541705
0.17143091
0.16009733
0.17518723
0.15910782
0.13474757
0.15426361
0.18941414
0.17540827
0.1725819
0.18502448
0.17093225
0.18095505
0.1686514
0.15226905
0.15841213
0.17355576
0.18333814
0.19702068
0.1684701
0.15982548
0.19089972
0.17903066
0.19414327
0.20239923
0.17769548
0.15614977
0.16532811
0.17332534
0.16584059
0.17327968
0.17663762
0.16269743
0.16405773
0.17921422
0.20027845
0.19954076
0.20243164
0.20936948
0.18944945
0.17948339
0.18221718
0.17863117
0.1866598
0.20168349
0.17812652
0.17254737
0.18588599
0.20067111
0.21498551
0.19731726
0.16965989
0.18028959
0.19888219
0.20767067
0.21689085
0.18674592
0.15680854
0.16238504
0.15604985
0.14660103
0.16012002
0.16602891
0.17964476
0.17734595
0.17334449
0.19377815
0.17117597
0.17295815
0.19554451
0.1916811
0.19018192
0.17609912
0.177933
0.1864489
0.18904276
0.18573561
0.17494648
0.19008624
0.19049667
0.18659782
0.17104914
0.15221024
0.17690199
0.1734603
0.14220614
0.1660971
0.20027774
0.19743728
0.19024081
0.19921726
0.20800972
0.19656206
0.19455437
0.20780751
0.19807003
0.17042271
0.15602716
0.18507389
0.19390396
0.18201746
0.18338471
0.1539686
0.12013357
0.11915074
0.16252725
0.19275783
0.19716604
0.19703794
0.19245407
0.20449382
0.23045336
0.231905
0.22874353
0.20702996
0.19287306
0.21750175
0.22075908
0.20176687
0.18972091
0.20398336
0.20816645
0.19624502
0.20107234
0.20024631
0.20622367
0.22579842
0.22338708
0.21071534
0.19770514
0.18555654
0.19776953
0.19443766
0.17805844
0.19528842
0.20027488
0.19336902
0.19688145
0.18944878
0.17417312
0.17827781
0.19375459
0.18645106
0.17855229
0.17055468
0.17084531
0.18375866
0.17848845
0.16897764
0.18557603
0.18889592
0.18114649
0.19546654
0.19088677
0.19562401
0.20447752
0.20319096
0.20421819
0.19810297
0.20713412
0.18608689
0.16956577
0.17894127
0.2007757
0.19877215
0.19639269
0.20234026
0.19905952
0.20679469
0.2054364
0.20375698
0.20755113
0.21028769
0.18856389
0.18226747
0.19711881
0.18985597
0.18975988
0.19978775
0.18743959
0.19205908
0.21732863
0.23461441
0.2331411
0.23231168
0.2154625
0.20473381
0.22122095
0.22206168
0.21846026
0.22059697
0.22467599
0.23099791
0.23687185
0.23365753
0.2384298
0.23738661
0.21523725
0.20643952
0.21619062
0.22518704
0.23594808
0.23589168
0.24267673
0.20752834
0.14172855
0.12382832
0.12301203
0.14499451
0.16506936
0.16283421
0.17986995
0.18403948
0.1711004
0.17641333
0.19214164
0.2060784
0.19981992
0.19060665
0.19280496
0.18901055
0.20232157
0.22306352
0.21356964
0.19242971
0.18533098
0.19456529
0.17595785
0.18010697
0.2040218
0.19336987
0.18644867
0.18965028
0.20029805
0.20699782
0.20602553
0.2122959
0.21548161
0.21056812
0.18190489
0.18034266
0.1890374
0.18188674
0.19460635
0.1924753
0.19186502
0.19498615
0.19895551
0.2092442
0.19623199
0.18025435
0.19699167
0.21385883
0.22440309
0.22962237
0.21483624
0.22101696
0.23387588
0.20557167
0.17860101
0.18618197
0.18907182
0.1927045
0.20121199
0.20320222
0.19345247
0.18447142
0.19628053
0.20471637
0.20053381
0.2023046
0.22289171
0.22116133
0.19472179
0.18781917
0.18114809
0.18445164
0.18916833
0.19020154
0.20565622
0.21243967
0.19992382
0.18290908
0.18881219
0.19691544
0.20027185
0.18615098
0.15316428
0.18529706
0.21392241
0.19041258
0.19096453
0.19113357
0.1708388
0.15052673
0.15775705
0.18437768
0.19968983
0.21918419
0.22354305
0.20715164
0.20506185
0.19632504
0.20669788
0.20509638
0.21284148
0.23451262
0.2205722
0.22170974
0.22445577
0.22507316
0.22210587
0.21032713
0.22389244
0.23531736
0.22997737
0.23932396
0.23856781
0.22837277
0.22823979
0.23676063
0.24572461
0.25354012
0.26567103
0.25469463
0.24339013
0.25071035
0.25910504
0.25120843
0.25996137
0.27075163
0.26192344
0.25527709
0.24954842
0.25134852
0.24522889
0.24523193
0.26651125
0.26122773
0.25468033
0.25373958
0.25294644
0.26655084
0.25161057
0.25135845
0.25384073
0.24398835
0.24197881
0.23973166
0.23780529
0.21169108
0.15590459
0.11569599
0.11442902
0.16376857
0.19820522
0.2026502
0.23213248
0.26078758
0.25632926
0.23242495
0.23379496
0.23846119
0.24180803
0.23275021
0.21209016
0.22029586
0.22967599
0.2355183
0.2425694
0.23759709
0.23408063
0.23386751
0.22611753
0.22946943
0.25019367
0.24761909
0.23590938
0.24843297
0.2486061
0.24392663
0.2366412
0.21306573
0.21086184
0.22921208
0.21975569
0.20111864
0.1988736
0.21061784
0.20465755
0.20659243
0.22492899
0.22825934
0.22310997
0.21052304
0.20497744
0.19735143
0.21239193
0.21117798
0.19622901
0.21548084
0.21674969
0.20870245
0.20566959
0.19148334
0.19691067
0.20429517
0.19683028
0.19115051
0.19072947
0.20472906
0.20656073
0.19286299
0.20124492
0.21486123
0.21498418
0.20602583
0.20968013
0.22076312
0.22127796
0.22561676
0.21997161
0.2076405
0.20811455
0.2170719
0.2159834
0.21183146
0.20563973
0.19725898
0.1902014
0.19180561
0.2047373
0.19609551
0.19690778
0.18436705
0.18283081
0.21506594
0.21481242
0.20805351
0.20645984
0.18352524
0.19174809
0.21841998
0.21621819
0.21049535
0.21461227
0.21310073
0.19430178
0.18824628
0.20429045
0.19474973
0.17812973
0.18375258
0.17038743
0.17546169
0.19473479
0.20964819
0.20869708
0.21747077
0.21771426
0.20507999
0.2127732
0.20149306
0.21039479
0.22724728
0.2291686
0.21447775
0.20996184
0.22294338
0.23665919
0.22836159
0.22139575
0.2338489
0.22424467
0.21016865
0.20092781
0.15207886
0.12517601
0.1255037
0.10565555
0.12644122
0.15959079
0.16355313
0.17770005
0.16357637
0.18219328
0.21829945
0.20912571
0.21695067
0.21415919
0.21983474
0.22669675
0.20565538
0.20301375
0.20997039
0.1942553
0.18434612
0.17716273
0.19798425
0.21263148
0.1977703
0.20840619
0.21690781
0.20480623
0.18322432
0.18350102
0.21813039
0.22868171
0.22100581
0.22414897
0.23278484
0.24291907
0.23757883
0.23354939
0.2406932
0.22581433
0.21918591
0.22187093
0.22429639
0.23020227
0.22984417
0.22404649
0.2060065
0.20339543
0.2163935
0.20275749
0.20706587
0.21364102
0.20533229
0.21382021
0.2122916
0.21963355
0.23633886
0.23722565
0.22753819
0.22463718
0.22433781
0.22930383
0.2192668
0.1909624
0.1917293
0.2077633
0.21805237
0.216086
0.20850627
0.21173668
0.21130349
0.20804751
0.21537635
0.22650106
0.22920009
0.23252866
0.21764097
0.22444983
0.24106468
0.22907206
0.23138702
0.23091979
0.22364043
0.21402968
0.15355322
0.12277464
0.14654507
0.17691573
0.19202068
0.18320742
0.19746908
0.21311021
0.20633482
0.21234815
0.2399415
0.23611286
0.2101576
0.19066807
0.20483147
0.21328484
0.21681512
0.23302711
0.21551893
0.19847093
0.20569827
0.21841136
0.22098599
0.20416573
0.20659986
0.20813488
0.20423911
0.2182272
0.21498776
0.20727416
0.21028086
0.21982324
0.22392218
0.21520737
0.20713865
0.20976344
0.20628054
0.19751721
0.19784533
0.2250719
0.24796297
0.23702726
0.22307781
0.23740192
0.22800323
0.22005596
0.21727813
0.2059204
0.21844561
0.21596687
0.21543296
0.21878456
0.22459807
0.23449946
0.24569514
0.2495321
0.23810453
0.21720297
0.21683664
0.2393422
0.25462989
0.24287357
0.25045901
0.25669318
0.23523711
0.24321069
0.24650314
0.23218772
0.24623323
0.25788162
0.26040471
0.25694885
0.24578609
0.24725663
0.25444566
0.25184454
0.24026374
0.24855626
0.25251988
0.24960028
0.24900004
0.2597585
0.25912263
0.25012346
0.24762239
0.25387036
0.2654331
0.28072904
0.26000906
0.22631526
0.17684077
0.10563099
0.10178454
0.1284571
0.11843951
0.12238605
0.14050827
0.14430092
0.17494356
0.14909308
0.11857991
0.13514293
0.16749747
0.20818803
0.24527645
0.27188749
0.26990136
0.27722673
0.28601688
0.28751903
0.28621005
0.27474906
0.27330778
0.27768899
0.27618193
0.2708393
0.26548996
0.24482614
0.2432029
0.23907998
0.22464994
0.23536282
0.22528875
0.20012964
0.18360685
0.19048411
0.20815783
0.20487156
0.20019832
0.18826604
0.19502494
0.21386571
0.21920502
0.2091923
0.19329927
0.2265575
0.22623606
0.21617616
0.2102013
0.19315968
0.22014681
0.2304506
0.21688348
0.21012696
0.20548742
0.19327962
0.19843739
0.20593735
0.2041806
0.21042853
0.21973971
0.24170901
0.24194668
0.23620221
0.24066167
0.24042669
0.23059783
0.23217525
0.23768762
0.24542382
0.27154431
0.25799879
0.24457871
0.24889203
0.23657903
0.24130442
0.2419819
0.2328421
0.24837528
0.25136311
0.24937344
0.25105153
0.24330107
0.24149972
0.22660902
0.23220951
0.21518494
0.21351017
0.23729678
0.21989765
0.16886125
0.11591723
0.0999751
0.14297264
0.1605241
0.14952073
0.18484248
0.19839483
0.19632591
0.21931441
0.23313265
0.23588621
0.24233015
0.23111337
0.23290552
0.22736142
0.2281858
0.24863476
0.24746689
0.23566338
0.24844198
0.24544667
0.22548018
0.22954724
0.24350249
0.24272032
0.21779867
0.22470099
0.2499117
0.24057265
0.2442855
0.24972442
0.2410796
0.25365215
0.2517711
0.22769156
0.21436329
0.23020922
0.24495896
0.25332887
0.25236054
0.24631588
0.24618507
0.24165903
0.24275045
0.2353404
0.23418151
0.23249981
0.22519375
0.2206564
0.21279072
0.23167084
0.23949249
0.22552619
0.2368814
0.22617854
0.21695943
0.2156096
0.20931276
0.20306276
0.20020772
0.21624586
0.22568429
0.23949774
0.2292365
0.22511595
0.23824597
0.21903574
0.19872474
0.21715451
0.22716447
0.2154861
0.22651279
0.21431198
0.20293595
0.21263666
0.21219948
0.20759617
0.2074114
0.21450427
0.21589402
0.20093958
0.19973536
0.19640906
0.19615315
0.20448654
0.19711312
0.208892
0.21347367
0.20808867
0.20688355
0.21388217
0.21316185
0.19887973
0.21722441
0.22857933
0.21919083
0.2133588
