None
None
None
None
None
None
None
None
None
None
None
None
None
None
None
None
None
None
None
None
None
None
None
None
None
None
None
None
None
None
None
None
None
None
None
None
None
None
None
None
None
None
None
None
None
None
None
None
None
None
None
None
None
None
None
None
None
None
None
None
None
None
None
None
None
None
None
None
None
None
None
None
None
None
None
None
None
None
None
None
None
None
None
None
None
None
None
None
None
None
None
0.21465003283665696
0.21746762047339216
0.21168712
0.21438987
0.22202177
0.21361108
0.22285109
0.24376167
0.23333963
0.20444683
0.21679628
0.2264645
0.2185387
0.21591695
0.21362276
0.21759576
0.2278771
0.23460073
0.24329044
0.23655589
0.22135859
0.21687453
0.20650613
0.22405172
0.22885227
0.22474389
0.23383428
0.23139441
0.22167079
0.21570431
0.23085873
0.24239551
0.23086096
0.22285114
0.21538653
0.20920192
0.20520362
0.21957194
0.23424528
0.22695728
0.22314208
0.20319341
0.18985287
0.19462584
0.21383709
0.22680719
0.22068367
0.22886786
0.22624648
0.23724228
0.25271949
0.23782808
0.22952339
0.21857415
0.21859323
0.22799885
0.22633052
0.22793567
0.23909469
0.22238817
0.21668659
0.22797552
0.23171574
0.23591879
0.22267455
0.21961916
0.22437023
0.22827342
0.23747029
0.23659847
0.2115556
0.21339451
0.22121998
0.22515748
0.23565511
0.22306274
0.23143457
0.21683428
0.16758431
0.15230202
0.13818101
0.14610328
0.17526494
0.19813426
0.20954039
0.21938804
0.24051297
0.24590712
0.22606522
0.22141443
0.23877231
0.22960325
0.22399839
0.23014147
0.22234458
0.22382345
0.22078155
0.22377613
0.22962883
0.21855736
0.21841166
0.22153273
0.22034329
0.22067279
0.24771913
0.25322084
0.22396551
0.22231631
0.22711273
0.2233644
0.22179464
0.21677992
0.20961488
0.21434927
0.23374908
0.24056806
0.22955184
0.209965
0.20547913
0.20389794
0.21747956
0.24290831
0.22874305
0.22224825
0.21805567
0.21319903
0.22499698
0.23055817
0.22584883
0.21303739
0.20679325
0.21570223
0.22677335
0.21336252
0.20984383
0.22496238
0.21557903
0.21894002
0.21730088
0.19445045
0.20140679
0.21609451
0.21006763
0.20651778
0.21913823
0.21032421
0.20733465
0.22600842
0.22811674
0.22517162
0.23130689
0.22216907
0.22244548
0.22204103
0.22332354
0.23118054
0.21853756
0.23399553
0.23349299
0.21450488
0.22074825
0.21832406
0.22601087
0.21792575
0.19864588
0.20201893
0.19745064
0.21358133
0.21756234
0.2043808
0.22067819
0.23858837
0.23766227
0.22403144
0.21995752
0.22281778
0.21979819
0.2149158
0.18933268
0.15481734
0.15059489
0.17323218
0.20273884
0.22083497
0.21720053
0.21465836
0.21311052
0.20930479
0.21848982
0.21825484
0.220134
0.21782582
0.22116785
0.23047266
0.24137935
0.25569327
0.24618835
0.23172913
0.21599628
0.22178543
0.21746975
0.21940841
0.22547705
0.23773194
0.24992122
0.21413706
0.20095439
0.20916238
0.21543276
0.20420037
0.19065318
0.20283745
0.21742744
0.22020731
0.2152435
0.2146533
0.20887638
0.21112519
0.21104933
0.20589506
0.21026856
0.21105709
0.2221434
0.2231768
0.22470256
0.22575186
0.22475044
0.21977068
0.22268096
0.21299093
0.20659805
0.20972882
0.19538565
0.19240991
0.1910476
0.19982378
0.20067719
0.20291555
0.20632444
0.19840012
0.18290201
0.17181758
0.19301654
0.20744243
0.19996787
0.18776121
0.20159595
0.2025214
0.19542736
0.20542091
0.19788773
0.20577254
0.19419156
0.19786394
0.21230342
0.18158157
0.12602319
0.14134485
0.13687293
0.11183701
0.09838559
0.10412566
0.13157104
0.12611261
0.11088318
0.07205115
0.08725165
0.12335415
0.12157486
0.09311578
0.10720932
0.16303956
0.17569416
0.1615119
0.16481907
0.17899162
0.18904743
0.19396618
0.21074481
0.213188
0.20266083
0.21371341
0.20698663
0.20908658
0.21351565
0.18245044
0.17150615
0.19191459
0.20490998
0.17794337
0.17100725
0.18534163
0.18426782
0.18915629
0.1904824
0.17787169
0.18371208
0.18830029
0.17226196
0.19933607
0.22786617
0.20168628
0.18046713
0.18755475
0.16815216
0.16022879
0.17753823
0.1900144
0.19588724
0.18934913
0.19073419
0.19653789
0.18649049
0.19004748
0.21705175
0.21194134
0.20812922
0.20610836
0.1801377
0.17721012
0.18042698
0.18137568
0.17936072
0.18807095
0.17759066
0.16312449
0.18633815
0.17689042
0.17381663
0.19878127
0.20610113
0.19086368
0.18822132
0.19887016
0.19978299
0.19311502
0.18301462
0.17654435
0.19772416
0.21121762
0.20354766
0.19451263
0.17952036
0.1808151
0.16617323
0.17035044
0.17779479
0.18954993
0.22013455
0.21889899
0.21861474
0.22382366
0.22358135
0.2290343
0.23514816
0.2341899
0.23885265
0.2372951
0.23205174
0.23835426
0.23892376
0.23529431
0.23030976
0.22544646
0.24218016
0.24466797
0.25173814
0.26480293
0.25750268
0.24140556
0.22635083
0.22963925
0.23884438
0.22810987
0.22252661
0.23281638
0.23594554
0.23385257
0.22978863
0.237305
0.2474718
0.24755008
0.23948817
0.2373367
0.23708862
0.23755291
0.2555674
0.26188562
0.23146916
0.22902197
0.23559362
0.21385598
0.23226952
0.24622513
0.22977543
0.22656052
0.23722368
0.23791249
0.23165142
0.22567182
0.23204009
0.22496633
0.21729359
0.23651049
0.23073582
0.22670695
0.23491712
0.23425892
0.23774363
0.24622945
0.24756521
0.25586371
0.24930712
0.22895017
0.22645255
0.214966
0.18511225
0.17942489
0.17900771
0.16721843
0.16846074
0.18345848
0.19259205
0.18972218
0.20085503
0.21739312
0.21802974
0.20032816
0.22661009
0.2534484
0.23605683
0.23595841
0.23483393
0.23983583
0.2368433
0.21876216
0.22183646
0.23193314
0.2189696
0.20368064
0.2211381
0.22956077
0.22522176
0.22612765
0.23738404
0.22969072
0.21311189
0.21946274
0.22539625
0.2357764
0.24397905
0.25783991
0.2626465
0.25713984
0.25139771
0.25257774
0.24712493
0.23242357
0.23922012
0.24304722
0.23608617
0.22773276
0.22553415
0.23387592
0.22516593
0.21791238
0.23541844
0.25560061
0.24522286
0.2159504
0.21613241
0.24184778
0.24951231
0.23030518
0.23051919
0.22697359
0.2305329
0.24001862
0.23705642
0.24621861
0.22687981
0.21791454
0.2332198
0.2394736
0.24387479
0.22444961
0.22212644
0.24348551
0.24041284
0.22281215
0.2228088
0.23209771
0.21946254
0.23412293
0.2560994
0.23204869
0.20528761
0.21907755
0.22780638
0.24585434
0.28061774
0.26507091
0.24249766
0.23965963
0.24483676
0.25216518
0.23637982
0.23530916
0.23589019
0.2381351
0.24851267
0.2399169
0.23936945
0.23598786
0.2314422
0.22246562
0.22035251
0.2294979
0.2367879
0.2250522
0.22326602
0.22775909
0.23716701
0.25312185
0.24774805
0.25042465
0.24834834
0.23266976
0.2397393
0.23923678
0.23449306
0.23864149
0.24178445
0.23527663
0.23473756
0.25003984
0.24578791
0.24939888
0.24107314
0.22185725
0.23378269
0.23652321
0.23366665
0.25299913
0.24049539
0.23333106
0.25259766
0.25943498
0.27024655
0.24486503
0.22305422
0.24454594
0.24867983
0.23908928
0.22713831
0.22422258
0.21836972
0.22032473
0.22255013
0.22079549
0.2441502
0.24535067
0.23533615
0.24599077
0.23279964
0.21632971
0.23095522
0.23567768
0.2267875
0.23088763
0.23456008
0.2457075
0.23870007
0.22270243
0.24251878
0.2404804
0.22867899
0.24042401
0.22866175
0.23371466
0.26218893
0.24549855
0.23567297
0.23708708
0.21911039
0.186013
0.14361634
0.12188144
0.10814594
0.10757809
0.12268766
0.09821865
0.07830154
0.0866679
0.14410177
0.11959337
0.05742016
0.10296629
0.11460626
0.11152442
0.13917685
0.14924605
0.10067553
0.1015393
0.13832317
0.12455755
0.14547316
0.17019926
0.18126204
0.20376569
0.19965774
0.20651335
0.20953678
0.19430683
0.1906695
0.19775901
0.21787211
0.22165214
0.20560428
0.2096679
0.23127002
0.2274333
0.21170828
0.20282276
0.19852172
0.22657194
0.23979429
0.22809463
0.22441561
0.23738481
0.24317094
0.22272837
0.2171976
0.23251626
0.22846934
0.21549844
0.2152971
0.22244525
0.22335866
0.22752013
0.22371178
0.21861301
0.22995981
0.2145714
0.21384339
0.2265906
0.23225113
0.24087265
0.22865987
0.22241892
0.22381964
0.23266529
0.25229395
0.23579945
0.20916898
0.23528775
0.25083566
0.22882354
0.22820985
0.22342242
0.225147
0.23170265
0.21830965
0.22943775
0.23194915
0.21497847
0.21552138
0.21422248
0.22116889
0.22375789
0.22469863
0.23501752
0.23010726
0.21922987
0.20928756
0.22975794
0.23646675
0.21711041
0.22717627
0.23827603
0.22288363
0.21346819
0.20926594
0.19847975
0.20638363
0.21986449
0.2436616
0.2500761
0.22213006
0.21458928
0.22043521
0.22456062
0.23193412
0.23542594
0.23284146
0.22825616
0.22482614
0.21666399
0.22484806
0.23102158
0.22873609
0.22569752
0.22365313
0.22007438
0.22844571
0.23746466
0.23324075
0.21224265
0.17218491
0.16157246
0.1389731
0.12881361
0.15785586
0.17860982
0.19879486
0.20823919
0.20210678
0.20251558
0.21937661
0.23543124
0.23831562
0.23582411
0.24060986
0.23805033
0.22100781
0.22159558
0.21649251
0.21041907
0.2189041
0.21709833
0.21175866
0.22824104
0.22624558
0.20848967
0.21201072
0.2156419
0.21596588
0.20848221
0.21780959
0.22782612
0.21014071
0.19594936
0.21236586
0.22802566
0.23498167
0.22459565
0.20859661
0.21711431
0.22056541
0.22134498
0.21828595
0.21768992
0.22769983
0.22651031
0.22302378
0.2231461
0.22012417
0.22843057
0.24315482
0.23648814
0.21820966
0.20857529
0.20820133
0.22217916
0.22714423
0.23291406
0.22970838
0.20709205
0.21133755
0.23189394
0.22640176
0.21962361
0.22588935
0.23018834
0.20910709
0.20079989
0.2322435
0.23864258
0.22784738
0.22952631
0.22598358
0.22480467
0.23761278
0.22858048
0.21601925
0.21536157
0.21712626
0.20862609
0.21982408
0.23023445
0.21568401
0.22966307
0.23704159
0.22948514
0.21437637
0.21951084
0.23438558
0.22096971
0.22111572
0.22276524
0.21719061
0.22332014
0.23490277
0.23480712
0.22656423
0.23025659
0.23357711
0.21722097
0.21903853
0.21992502
0.21752897
0.22203435
0.22487483
0.22775243
0.23191717
0.23345692
0.22714456
0.22142892
0.20646716
0.20268134
0.2100195
0.22636117
0.23414466
0.21779522
0.20004425
0.20178091
0.21980991
0.222579
0.21129928
0.21779742
0.22404016
0.22490302
0.21900325
0.21808151
0.24315395
0.24322675
0.22979139
0.22948155
0.22533056
0.21891449
0.23096017
0.23486169
0.23933125
0.24001664
0.23734924
0.21167457
0.17366865
0.17896129
0.17975488
0.18604951
0.19744757
0.20342962
0.21700431
0.22440564
0.23175723
0.22888065
0.21770899
0.20330507
0.19971641
0.2120025
0.2149574
0.21385758
0.21200401
0.21886508
0.22013262
0.224856
0.23207918
0.23661994
0.23300953
0.21649339
0.20805071
0.20525401
0.22224341
0.21242757
0.19870005
0.21571648
0.21453225
0.20684101
0.21187764
0.21256479
0.2254824
0.23931621
0.23701029
0.22012428
0.21222803
0.2037057
0.1956061
0.21076498
0.21134856
0.21791472
0.22154296
0.22377536
0.23490165
0.23798158
0.23754983
0.24150852
0.24987144
0.24004435
0.21400862
0.22587419
0.24938424
0.24804033
0.24500397
0.22858525
0.21466488
0.22603994
0.22611148
0.22488275
0.23649358
0.22898734
0.23558761
0.23853155
0.22546328
0.22369194
0.22450543
0.22991419
0.22029292
0.23222106
0.23884562
0.23259085
0.24788542
0.24296343
0.22793419
0.20974514
0.2153655
0.21719945
0.20617845
0.22221579
0.22205955
0.21619503
0.20925667
0.21715014
0.23765997
0.23777316
0.23675027
0.23755785
0.23779117
0.2355323
0.23618256
0.23515008
0.23238523
0.22961723
0.21613453
0.21144586
0.2273714
0.23817503
0.23764804
0.24451696
0.24743816
0.25595278
0.25737446
0.23746003
0.2257659
0.22970316
0.23159202
0.23457788
0.23920198
0.23648361
0.22508696
0.20574646
0.2077803
0.23397113
0.24121001
0.23000219
0.24014795
0.24489343
0.23874735
0.2385726
0.23833925
0.23376031
0.21623955
0.21789482
0.23044353
0.23449875
0.21953079
0.20263837
0.21610105
0.2079072
0.20368256
0.2234663
0.22190692
0.21573613
0.2216122
0.21841276
0.20856569
0.21100707
0.21640952
0.20575488
0.21539634
0.22901076
0.22172614
0.23303799
0.25603992
0.23754795
0.22233738
0.23473284
0.24150459
0.23645568
0.22191709
0.21705
0.2265625
0.23147458
0.21557684
0.22640526
0.23134012
0.21554729
0.23246728
0.23912739
0.22089815
0.21305147
0.21803988
0.22315335
0.21960984
0.21525066
0.22101155
0.2333388
0.2296744
0.23928477
0.23978927
0.22297437
0.23249186
0.24084553
0.2214143
0.22008504
0.23401342
0.227488
0.22609159
0.23432025
0.22839236
0.19908156
0.14376622
0.11631116
0.14482876
0.17498539
0.19709031
0.21143823
0.21496792
0.21261042
0.22148443
0.22210055
0.20500956
0.20643153
0.20147199
0.2096452
0.2286973
0.22076554
0.1999588
0.20944356
0.21747064
0.21058808
0.22255729
0.22642043
0.22999152
0.22767977
0.20171716
0.19788041
0.21366953
0.21919017
0.22088173
0.21785828
0.20462785
0.21079667
0.22366285
0.21798788
0.21499078
0.21279703
0.21204905
0.20245349
0.19921684
0.21471076
0.22039779
0.21335969
0.21526672
0.22656123
0.232528
0.2168209
0.22026206
0.23025899
0.21934013
0.21662085
0.21022953
0.21010796
0.21821922
0.22165425
0.21755876
0.21829746
0.21657576
0.19892513
0.19964306
0.22484948
0.23052467
0.22008362
0.22901619
0.22356838
0.22013562
0.22083758
0.20823577
0.21290465
0.21391432
0.20614078
0.20513366
0.20342931
0.20747293
0.23368769
0.23514832
0.22411879
0.22621458
0.2204164
0.21519701
0.21117997
0.22493943
0.22707092
0.2155085
0.21399346
0.20383324
0.20322644
0.23294605
0.24103471
0.22278994
0.20353612
0.20853411
0.22830552
0.22452739
0.23835369
0.24717116
0.22967477
0.20738809
0.20653509
0.2203418
0.22778853
0.24114611
0.23322204
0.23474036
0.24427571
0.22296384
0.20965134
0.21236472
0.20915784
0.19338219
0.19303808
0.22216676
0.23835118
0.23288887
0.22361566
0.20886437
0.2130486
0.22264486
0.21244761
0.21882606
0.21474213
0.22226039
0.2352942
0.22037082
0.22282384
0.23116361
0.22410792
0.22108489
0.22898257
0.22351207
0.2098601
0.20039635
0.19116105
0.17820829
0.18261668
0.19803798
0.19862525
0.19462746
0.1996232
0.20454385
0.20709744
0.2001813
0.19858093
0.20125124
0.20494495
0.21639853
0.21430136
0.21323307
0.20859332
0.19621731
0.18141856
0.17689707
0.19541697
0.20391364
0.19882224
0.20698359
0.20447517
0.18541276
0.18359065
0.20662305
0.20393507
0.1919749
0.18808764
0.17835789
0.19695661
0.20441325
0.19239599
0.20152855
0.19738642
0.17877308
0.18873185
0.20627058
0.19739742
0.18434125
0.19283454
0.20193103
0.20390534
0.20666045
0.19699283
0.1998834
0.20113161
0.18747548
0.18963711
0.18710448
0.18928092
0.18556232
0.18720906
0.20448259
0.20014345
0.19535863
0.20150356
0.19261864
0.19194319
0.20081842
0.21587337
0.21863078
0.18514571
0.17646871
0.18651544
0.19754266
0.20193343
0.19986972
0.19076972
0.17465472
0.17108866
0.18351731
0.2097305
0.21326405
0.19073283
0.1899619
0.20447624
0.19068655
0.16291446
0.16442495
0.15816886
0.15008288
0.13216238
0.10673244
0.11393461
0.14677998
0.17287835
0.16554791
0.15917456
0.15283411
0.14724908
0.16981525
0.18858328
0.1814193
0.17770747
0.17147325
0.18215433
0.18789899
0.18696811
0.17900121
0.18877554
0.1986932
0.18599937
0.1983027
0.20130748
0.20250298
0.19864788
0.18822175
0.17913341
0.17615365
0.19812158
0.19742169
0.18787807
0.19865084
0.19892752
0.19326054
0.19944875
0.19575407
0.18244714
0.18172457
0.19369038
0.20425239
0.19684278
0.18390729
0.18090944
0.17894793
0.18182763
0.20522048
0.21764512
0.18594174
0.18264281
0.20746243
0.21955075
0.22808169
0.21683202
0.2123391
0.22575678
0.22420585
0.21085788
0.21532752
0.20971877
0.19834993
0.20713732
0.22177575
0.22895632
0.21906424
0.20573831
0.21633471
0.2184212
0.21950324
0.21868558
0.23079159
0.2420663
0.24627925
0.26552606
0.2669049
0.26387592
0.25128538
0.25154303
0.25454804
0.24885864
0.26343024
0.27764494
0.27142524
0.25781818
0.26528939
0.27669523
0.26228549
0.24694739
0.25226011
0.28167757
0.27911008
0.27456286
0.28007572
0.25638191
0.26921014
0.2720747
0.26645264
0.27349513
0.26068504
0.26256504
0.25338073
0.24618781
0.24114205
0.24811519
0.27924866
0.29377465
0.27900951
0.27380086
0.28722177
0.25753452
0.26074419
0.27022004
0.25694422
0.27028338
0.26985308
0.25795736
0.27574456
0.29098539
0.29497018
0.28832258
0.26430989
0.25340782
0.2519546
0.25561437
0.26031512
0.26049881
0.26327525
0.26521646
0.25371719
0.25494786
0.25775543
0.26610665
0.26887573
0.27017491
0.26816735
0.26643353
0.28975301
0.27800809
0.26199535
0.28054866
0.28615474
0.28339807
0.26750935
0.25329969
0.26663381
0.26324084
0.24679498
0.26052879
0.2632407
0.25297889
0.23787523
0.18418832
0.15298623
0.17320482
0.18584389
0.2059869
0.23345424
0.2281973
0.25541626
0.27273254
0.27122652
0.28480473
0.26610073
0.26800022
0.26926896
0.25156649
0.26869091
0.27766396
0.26191051
0.27389518
0.27058514
0.25760443
0.26817298
0.27014795
0.27115017
0.26252033
0.25329627
0.26338282
0.26920727
0.270271
0.27193021
0.26561878
0.26836895
0.25676297
0.23367371
0.2448767
0.27106776
0.26674056
0.25780122
0.26513452
0.27207831
0.255853
0.25149974
0.25818296
0.25144097
0.27993276
0.27373092
0.2427212
0.25629296
0.26662976
0.25305581
0.25711466
0.27244546
0.27610057
0.27033825
0.27598391
0.28177092
0.26902692
0.26569941
0.25924078
0.25717756
0.25612018
0.25544799
0.25433597
0.2488534
0.26605014
0.27185539
0.26813092
0.25658796
0.26714952
0.27048848
0.26110577
0.28350003
0.26969872
0.25077911
0.27588555
0.28330814
0.28043284
0.27544944
0.26000127
0.27001083
0.28236582
0.27510248
0.27186108
0.2619238
0.24688669
0.2535754
0.25122755
0.25698396
0.26700224
0.25753123
0.24837106
0.26577251
0.25989208
0.23506442
0.23518219
0.24667184
0.26561034
0.25588716
0.26045105
0.28154337
0.27442855
0.26186033
0.25669528
0.2463555
0.24838605
0.25972174
0.26663705
0.26862927
0.26403075
0.26315838
0.2598763
0.26316386
0.25153645
0.24082752
0.24267017
0.24154991
0.27293288
0.26953901
0.24824502
0.25742006
0.27386759
0.27302936
0.25389663
0.25689469
0.24887645
0.25254122
0.26366759
0.26883132
0.28371623
0.27883797
0.25071075
0.19255629
0.16905232
0.20373479
0.24445168
0.25369949
0.24286307
0.26450592
0.26650687
0.25566906
0.2755299
0.25570477
0.25040279
0.26484108
0.26635272
0.27830217
0.26350692
0.26986883
0.28077306
0.26971925
0.26765443
0.27848703
0.26528303
0.26964908
0.27514973
0.26661314
0.26942982
0.25747149
0.24267159
0.23996515
0.25076418
0.2573792
0.27019727
0.25863881
0.2620651
0.26543934
0.242759
0.25101169
0.24885654
0.25889834
0.27608201
0.26204099
0.2463844
0.24733252
0.25608753
0.26323819
0.25884794
0.26065699
0.25608488
0.25146366
0.27591144
0.25695467
0.24525535
0.25989884
0.26573504
0.28140304
0.27100123
0.24144114
0.24765421
0.27752562
0.28399782
0.25645855
0.25976404
0.27948729
0.26077536
0.24337946
0.25560368
0.27120971
0.25887426
0.25505219
0.27260529
0.26327054
0.26247082
0.26704124
0.25727825
0.2691721
0.27235973
0.27307116
0.25334558
0.23585197
0.26515708
0.27167107
0.26177766
0.26355407
0.24919762
0.23637033
0.25120372
0.26150192
0.25263282
0.24992773
0.2468638
0.25914397
0.26698098
0.25714385
0.25931848
0.26298619
0.25726143
0.26421019
0.26546982
0.27472614
0.27898747
0.26199468
0.25128059
0.25436223
0.25546761
0.26036843
0.28364062
0.28943083
0.25909515
0.25351823
0.26512457
0.26161031
0.25984611
0.26909092
0.28297833
0.25247813
0.23720343
0.22894261
0.23342938
0.24575242
0.26251207
0.26433713
0.25218552
0.26099834
0.2629324
0.27402513
0.25856014
0.2655264
0.27361729
0.25132974
0.26757969
0.27884562
0.25613462
0.25696933
0.28176617
0.27854707
0.28447965
0.28559374
0.26777959
0.26218734
0.26296756
0.25048779
0.25591261
0.26114224
0.24224495
0.25284299
0.27061696
0.27471827
0.25517982
0.23466802
0.18322668
0.14927762
0.18687272
0.23537435
0.22873048
0.20982909
0.23609887
0.2588013
0.28392275
0.27380099
0.26080787
0.27688052
0.26936891
0.26138496
0.25976632
0.26003604
0.26158951
0.26071918
0.25452703
0.24008394
0.23747443
0.25346978
0.26189248
0.26709927
0.25561944
0.24110539
0.26036843
0.25839143
0.23056792
0.24572198
0.25844738
0.26196537
0.28027461
0.26094672
0.25534409
0.26315736
0.23997574
0.22333404
0.22756468
0.25133606
0.28047996
0.27421509
0.25034368
0.24406098
0.24746348
0.25946272
0.26535109
0.27113538
0.2785578
0.26649781
0.26578064
0.27144822
0.27330976
0.25313136
0.24080855
0.25458527
0.27315047
0.27926998
0.27141842
0.27086756
0.26062568
0.26173108
0.24434089
0.23752109
0.26310637
0.26566929
0.26775337
0.27454703
0.27884923
0.25640237
0.23112494
0.25240116
0.26840004
0.26042932
0.25799426
0.24400827
0.23393952
0.25171768
0.2782275
0.26894742
0.24416168
0.25262242
0.24657993
0.24430313
0.24077404
0.23705224
0.23474764
0.24179673
0.27263921
0.27721482
0.26180666
0.24961588
0.2566426
0.25721746
0.2603841
0.26192848
0.2635078
0.27510533
0.2627628
0.25619504
0.24347096
0.23292704
0.25435986
0.26927011
0.26280992
0.2548693
0.26824839
0.25115919
0.23509082
0.24089564
0.25799088
0.27252262
0.25631053
0.24727581
0.24816938
0.25991346
0.25540712
0.25366966
0.26404004
0.26839543
0.27159013
0.26613116
0.25048751
0.24409697
0.25673476
0.28180217
0.27205209
0.24821893
0.26290179
0.27625339
0.26937307
0.25242779
0.25404505
0.2661855
0.25138705
0.24747517
0.25985657
0.26046736
0.25621016
0.23700776
0.23674951
0.25828369
0.25454617
0.24639897
0.24584139
0.24487232
0.24969147
0.25620513
0.25803207
0.2453502
0.23655336
0.27596938
0.27846925
0.25519251
0.2531336
0.24749559
0.26206723
0.24858043
0.26043049
0.26811688
0.25869322
0.25196823
0.24935291
0.26739847
0.26940299
0.28225227
0.26724235
0.25107301
0.24457021
0.24099724
0.26278354
0.26316564
0.26284599
0.2714313
0.25325142
0.26010957
0.27908786
0.25896529
0.25323719
0.25510694
0.25281713
0.25613435
0.26168245
0.265843
0.25985885
0.25683373
0.26143589
0.2636567
0.25931732
0.26075688
0.26205944
0.26440378
0.26770393
0.2688928
0.25340686
0.26537143
0.26942277
0.25559152
0.2566274
0.25904016
0.27049404
0.26200592
0.25998968
0.25140031
0.23578911
0.24592739
0.26063799
0.24626312
0.24756683
0.27588824
0.28901759
0.26797945
0.24006027
0.24223171
0.24500511
0.25496558
0.26915935
0.27060499
0.25771764
0.24798689
0.26323409
0.26567364
0.25814675
0.23877205
0.22048237
0.22929184
0.25541673
0.26133085
0.25081101
0.27155864
0.27364662
0.2569065
0.26434499
0.25893791
0.25643757
0.25896787
0.24936086
0.26610677
0.26893203
0.24555101
0.24612258
0.24354711
0.24781942
0.26099332
0.25191787
0.23445582
0.24530832
0.24745634
0.23999722
0.25635325
0.27380893
0.28713526
0.2689679
0.24109832
0.26089882
0.2694675
0.25757071
0.25714956
0.25826331
0.27385188
0.2793462
0.2582611
0.26618505
0.27636467
0.25435477
0.26280696
0.25113066
0.25202843
0.27317584
0.2658501
0.2419603
0.25626844
0.25930831
0.23970335
0.2502845
0.26186217
0.27575675
0.2687516
0.2749274
0.26759326
0.27296704
0.29584548
0.28365382
0.27272642
0.27321411
0.27336404
0.2699095
0.26935602
0.26764686
0.26580524
0.26640877
0.2476717
0.23036895
0.25213253
0.2712874
0.25841756
0.25807417
0.25899666
0.25532658
0.25462396
0.24191551
0.25909855
0.25702152
0.25178189
0.26607697
0.26257421
0.27757336
0.26403343
0.2338727
0.25103149
0.27162417
0.27470528
0.26485357
0.22353806
0.19506553
0.21408305
0.18836838
0.16827759
0.20253061
0.22725643
0.2491831
0.2589912
0.26210879
0.24633636
0.22514186
0.23056694
0.24761039
0.25154839
0.26181429
0.26835978
0.25287461
0.24621971
0.25851489
0.27236906
0.25688223
0.23957907
0.24240006
0.23250705
0.24711184
0.25979473
0.24315901
0.2374184
0.22999234
0.24531144
0.2672602
0.26047432
0.23251656
0.23518729
0.25765334
0.25135959
0.24885519
0.2523145
0.24182869
0.25092812
0.25731254
0.24584797
0.24145818
0.25045274
0.2634432
0.26032661
0.27124333
0.25454951
0.25149257
0.2694203
0.24490782
0.25728104
0.264869
0.24320643
0.23260009
0.22997713
0.23005096
0.22687558
0.21911719
0.22285462
0.2443023
0.25684817
0.23009345
0.21067674
0.2399918
0.23483108
0.20126667
0.19742268
0.22032764
0.23247046
0.23145987
0.22152713
0.21314772
0.23033501
0.24853169
0.2397609
0.24397043
0.24440921
0.2471167
0.25502417
0.24408645
0.25562053
0.25589505
0.23996628
0.23457554
None
None
None
None
None
None
None
None
None
None
None
None
None
None
None
None
None
None
None
None
None
None
0.25032268
0.28000825
0.2740165
0.24470508
0.26249993
0.28049453
0.27597772
0.26083622
0.26002745
0.26974069
0.24550733
0.24288238
0.26850801
0.27901774
0.27940863
0.2872331
0.28805214
0.28120153
0.27537184
0.27074819
0.28032383
0.28352552
0.29098734
0.27031931
0.25823459
0.28906908
0.27715073
0.27338612
0.29653046
0.28880525
0.27716304
0.27858458
0.28467305
0.27887053
0.28037126
0.28512112
0.27046376
0.26257946
0.28476436
0.28648095
0.28105465
0.29886995
0.30011542
0.2914252
0.29705321
0.3198377
0.30523429
0.27252361
0.25738859
0.25686182
0.27391151
0.2694835
0.26527432
0.2669277
0.25847294
0.24841398
0.24425663
0.25710961
0.25192389
0.24475861
0.2421437
0.25586489
0.26780928
0.25502334
0.2455505
0.24084773
0.23880951
0.24253804
0.25102426
0.23422276
0.22192242
0.23936587
0.23463559
0.23295097
0.2397254
0.24152147
0.25102372
0.2601934
0.25067077
0.23084853
0.22318287
0.23539696
0.24607874
0.23425298
0.21865592
0.23574381
0.24470015
0.25816049
0.26538271
0.24326063
0.24738275
0.26031019
0.25227444
0.24803059
0.24830894
0.25479113
0.24198879
0.22239105
0.24722403
0.27129381
0.29492007
0.29638194
0.27911337
0.26975399
0.26486832
0.27367983
0.26857076
0.26395487
0.28110722
0.28729624
0.28171171
0.27058188
0.28986015
0.29761254
0.27582813
0.27635435
0.28877222
0.294286
0.29516995
0.29652588
0.30526749
0.30277645
0.29488066
0.2762808
0.28525335
0.30554824
0.26750791
0.26234742
0.29370982
0.29492345
0.29327495
0.28548977
0.28499938
0.29950692
0.29342185
0.28648749
0.28968024
0.28679535
0.27677479
0.27976612
0.28427499
0.28412107
0.27743191
0.28493692
0.28569944
0.27315062
0.28622075
0.28858561
0.28475769
0.27957669
0.28168974
0.28928379
0.28716218
0.27689617
0.27712786
0.28398384
0.26747356
0.28250197
0.31051769
0.28669318
0.27963275
0.29063078
0.27669547
0.28764501
0.28875083
0.25621269
0.21693707
0.18487601
0.15115503
0.16633284
0.17123571
0.14445713
0.14117784
0.1572163
0.21707777
0.24804137
0.23544493
0.23971326
0.2546949
0.25435597
0.2640837
0.28398415
0.2842669
0.27099039
0.2647532
0.26632323
0.26294186
0.26681071
0.26562346
0.26439156
0.27011814
0.26538155
0.28518278
0.27968711
0.25283636
0.25669082
0.26427977
0.26273002
0.25401692
0.23943689
0.2473498
0.26532811
0.27876061
0.28047364
0.2849787
0.2848901
0.27448782
0.27194513
0.25966464
0.27046393
0.28012659
0.27763806
0.27073582
0.25963207
0.23775703
0.23818488
0.27254147
0.28799854
0.28528568
0.27200284
0.27194885
0.2683001
0.26267905
0.26128509
0.25006269
0.2664744
0.28203168
0.26646271
0.27025802
0.26774489
0.25704944
0.2645389
0.25048242
0.2389168
0.21769124
0.20254329
0.19105848
0.20179749
0.20273816
0.16503053
0.19869916
0.24240225
0.23098939
0.23904567
0.24915244
0.234091
0.2364831
0.25458127
0.26189436
0.26547458
0.27948152
0.27626536
0.24741653
0.24618546
0.2492766
0.26032461
0.25733103
0.25659775
0.26058795
0.2508557
0.27530612
0.25633725
0.24452881
0.26309777
0.26198426
0.26697249
0.27954605
0.2843529
0.29496928
0.28326959
0.24696813
0.2450605
0.25498924
0.24443547
0.25098611
0.25848856
0.26660804
0.26711827
0.26545532
0.27869602
0.27508377
0.2676998
0.26266659
0.25260761
0.23933175
0.23619123
0.26750676
0.27540381
0.25411878
0.26039863
0.27210866
0.27021471
0.25722632
0.24614502
0.24627412
0.26819469
0.2732966
0.26663533
0.2812108
0.27352985
0.25538587
0.25224616
0.24543594
0.23299628
0.2402855
0.26180923
0.28097196
0.27773888
0.25505129
0.25976793
0.26126072
0.25036951
0.26048398
0.25866353
0.2417286
0.25322897
0.26698177
0.26547896
0.25937102
0.25700359
0.26087844
0.2520275
0.27719499
0.28697576
0.26295062
0.26905185
0.27503867
0.28457979
0.2628817
0.21616038
0.21397046
0.21767611
0.1876187
0.16421884
0.17827397
0.1911064
0.18919174
0.21100956
0.24978004
0.25573802
0.24932014
0.26886441
0.27633154
0.26992243
0.24332634
0.25252094
0.27767531
0.26157799
0.25779525
0.25258458
0.25450636
0.26929141
0.26245302
0.24943383
0.24869404
0.24175608
0.24928335
0.27057184
0.28656575
0.27653852
0.25706142
0.25514228
0.25505975
0.25755225
0.26173252
0.27722329
0.26330905
0.26966284
0.28041857
0.25986123
0.27610673
0.27902824
0.26214778
0.27815158
0.28817805
0.28253639
0.27502196
0.26400889
0.25515368
0.24878024
0.25291777
0.26095171
0.25949296
0.25252973
0.25348861
0.26318258
0.26906846
0.25214566
0.24612817
0.26725101
0.27902864
0.27662882
0.2691816
0.25774964
0.25026744
0.23756938
0.25291193
0.27088219
0.27239153
0.26219766
0.26869571
0.2858826
0.27836258
0.26642511
0.24109807
0.22349281
0.24593082
0.24184985
0.23690281
0.25005272
0.25840495
0.27420245
0.24074166
0.23963441
0.26054223
0.25968639
0.25115314
0.25928136
0.27615248
0.26024277
0.25263662
0.26864125
0.27955186
0.26916474
0.27113025
0.26390443
0.25792124
0.27708019
0.26321725
0.25381238
0.26049914
0.2489213
0.25008566
0.25984944
0.26481259
0.25334143
0.23905525
0.25354612
0.27014091
0.25542273
0.24170291
0.25113923
0.2542001
0.24879646
0.26137631
0.27265334
0.27160689
0.25688956
0.26433145
0.26713805
0.2158554
0.17066124
0.1614757
0.19808911
0.23259224
0.2357373
0.24645954
0.2455083
0.25448434
0.28787471
0.27324878
0.27066156
0.26786848
0.2494029
0.25388551
0.27549889
0.27196755
0.25909967
0.27526037
0.27098627
0.24652451
0.24996001
0.27066335
0.25816395
0.25660877
0.2686971
0.26398874
0.25813729
0.25785446
0.2476618
0.26088268
0.28111945
0.25013107
0.23345973
0.24599887
0.23055327
0.23284172
0.24525199
0.24016322
0.26036871
0.26145734
0.24829906
0.25687642
0.28132328
0.29086873
0.2594314
0.24683181
0.24987621
0.26144286
0.27433204
0.25924637
0.24997377
0.24981414
0.25679895
0.26143864
0.25381616
0.2592157
0.26750644
0.27520656
0.26964173
0.25028693
0.26497409
0.28863111
0.28525043
0.27512865
0.26043219
0.26538864
0.27702271
0.26632255
0.2685561
0.26530507
0.2647138
0.28130278
0.27267927
0.25698028
0.25840776
0.24780198
0.24229832
0.2708562
0.26997344
0.25920796
0.25775288
0.26154236
0.266062
0.26733058
0.2760315
0.27438959
0.26758877
0.2631344
0.26815214
0.27196574
0.27405106
0.26353765
0.25732263
0.26055333
0.26801614
0.27379418
0.26558045
0.26957623
0.26233324
0.25953219
0.26638554
0.26004428
0.2729043
0.26552413
0.25357617
0.25424686
0.25897564
0.26691711
0.2604741
0.25796119
0.25326181
0.26223148
0.26790725
0.259874
0.25575212
0.2768324
0.26748706
0.23494745
0.23984536
0.27035949
0.29477958
0.2811715
0.26055837
0.25080486
0.25648304
0.26382761
0.25788075
0.25117339
0.25440113
0.26957748
0.27209449
0.26328598
0.27229322
0.25957352
0.23405641
0.23676504
0.23903701
0.2569835
0.26386735
0.24470093
0.25146056
0.27401196
0.27983687
0.27876473
0.26484897
0.24808107
0.25882299
0.2578135
0.26063552
0.26161882
0.25487691
0.26163937
0.25276456
0.24115368
0.25245917
0.27046553
0.2683804
0.2619947
0.27686327
0.28761506
0.29676921
0.28819416
0.27285055
0.28164091
0.27940839
0.26685329
0.26256772
0.27504476
0.26074118
0.24432707
0.27218736
0.27529534
0.25672918
0.25881207
0.26769748
0.29080002
0.27308184
0.24982321
0.27754499
0.27731214
0.27215693
0.26989174
0.26929156
0.27905259
0.27056326
0.2639829
0.2776912
0.27394083
0.26061348
0.2734812
0.26417271
0.2607614
0.26982058
0.26119678
0.27840734
0.29735132
0.27914864
0.26511264
0.26321819
0.25737402
0.2702291
0.28877146
0.2862425
0.2707342
0.25675491
0.25842437
0.26496651
0.28154
0.28721217
0.28569976
0.2803895
0.25177283
0.24834543
0.2450466
0.25463422
0.25504454
0.23813156
0.26447059
0.2739313
0.26370649
0.26685507
0.25364273
0.24360684
0.26185457
0.26849683
0.2440247
0.23095985
0.25546994
0.25159675
0.24981204
0.26674144
0.27409167
0.27011612
0.26753711
0.2724421
0.26946858
0.27826846
0.27897078
0.26785484
0.26285904
0.25281035
0.25512919
0.27762545
0.25719904
0.24907227
0.26418206
0.24985471
0.25227115
0.26986453
0.26691826
0.2589983
0.27825181
0.27400734
0.26143837
0.27425624
0.28938956
0.27477583
0.25049306
0.25874531
0.25674352
0.25903611
0.25813067
0.24948574
0.25031916
0.26636371
0.27532226
0.25520725
0.25345086
0.26936091
0.26356697
0.26548775
0.28137333
0.27215708
0.25938056
0.27139338
0.28108145
0.27446687
0.26373656
0.25571541
0.25699749
0.25501622
0.2626315
0.281618
0.289995
0.29405464
0.28176054
0.26436466
0.27439027
0.28039311
0.27085908
0.26934034
0.26209805
0.26383711
0.26741719
0.26520096
0.26490816
0.26958479
0.26832987
0.26499504
0.26465874
0.26239041
0.2693338
0.27396354
0.28205124
0.2888675
0.2663183
0.25268448
0.26318157
0.26710422
0.27171768
0.28382648
0.28968861
0.28165149
0.27449013
0.2719275
0.26674932
0.26743947
0.26164203
0.27156812
0.29066142
0.28338739
0.26885647
0.27023522
0.27088623
0.25674196
0.27124692
0.30287539
0.29097166
0.26909339
0.26998729
0.26957965
0.2738797
0.26200184
0.26316724
0.2534156
0.24891344
0.28348914
0.28085179
0.25812149
0.27443788
0.27192641
0.24208075
0.25354007
0.27668764
0.27626723
0.27703987
0.26463739
0.23481071
0.24953441
0.28499386
0.27057982
0.26512762
0.27979443
0.26812062
0.27362243
0.27783008
0.26889505
0.27208483
0.2611173
0.26708308
0.28019124
0.2611751
0.26968351
0.27008787
0.27071372
0.28631661
0.26403041
0.25034257
0.25563823
0.26661776
0.26838109
0.26792831
0.26241205
0.26419445
0.2632459
0.27367401
0.27487775
0.24412416
0.24632125
0.26328113
0.27043296
0.25793275
0.25673248
0.27450138
0.26606965
0.25255327
0.26188714
0.24464761
0.24482789
0.26442148
0.25540125
0.23859152
0.24446048
0.25711862
0.2571381
0.25580368
0.25787824
0.26671232
0.26718564
0.26078569
0.25563958
0.25850258
0.25586673
0.25487798
0.25234443
0.24208213
0.24952049
0.25258823
0.24817603
0.26659183
0.27451123
0.26478995
0.25617167
0.2412059
0.25579852
0.2697277
0.24806347
0.27053513
0.29174096
0.26884184
0.26164971
0.26017023
0.25912553
0.24782849
0.21487822
0.22534602
0.25172805
0.22924895
0.20206507
0.19957424
0.22020383
0.2508442
0.25570053
0.2543717
0.26714302
0.27150949
0.27382348
0.25205032
0.23559993
0.25693714
0.26991436
0.25946786
0.25492602
0.28029179
0.2771971
0.23980681
0.24972776
0.25476499
0.26257422
0.28330535
0.2559475
0.25068622
0.25764938
0.24195994
0.24491118
0.27208096
0.27516973
0.24755614
0.24817036
0.26751289
0.27241617
0.26521754
0.26403676
0.26951049
0.2675443
0.2699331
0.25271884
0.26760309
0.28546434
0.27086944
0.27187619
0.25726362
0.24744411
0.25021162
0.26032187
0.26557487
0.26352545
0.26983029
0.26460014
0.25456519
0.25333397
0.26122197
0.27254714
0.2819293
0.28281147
0.26693158
0.25361394
0.24379371
0.23308657
0.25307143
0.27165431
0.27415681
0.25476253
0.25974566
0.27605152
0.25195496
0.23346312
0.22749446
0.24917091
0.2592881
0.24198793
0.23910985
0.26648156
0.28574242
0.27576311
0.2657032
0.2690848
0.26707437
0.2543749
0.26099521
0.26042352
0.25212366
0.27203509
0.28017726
0.25673357
0.25192524
0.26739552
0.26083773
0.26818196
0.26686467
0.26718037
0.26463698
0.24052843
0.246195
0.2571955
0.26489783
0.25809569
0.25317733
0.26707946
0.26874635
0.27685347
0.27405342
0.24673417
0.25102189
0.26313722
0.27494403
0.28292472
0.26777604
0.26774259
0.27244052
0.26708327
0.25745223
0.26720382
0.26195029
0.25176674
0.25997942
0.24378798
0.23151796
0.25068996
0.26089968
0.25328129
0.25589229
0.27190707
0.27564592
0.2610007
0.25656468
0.25604096
0.26001338
0.27258435
0.26802621
0.244588
0.25397581
0.25986871
0.25297679
0.25007555
0.26000113
0.27045085
0.25558279
0.2601819
0.26002475
0.25235376
0.27886247
0.29273455
0.2815597
0.26112144
0.25497039
0.25939548
0.25578498
0.26145821
0.25595112
0.25202597
0.26600633
0.25851125
0.25803102
0.27970001
0.27771318
0.2590382
0.25412773
0.27031531
0.2675085
0.25454296
0.27049013
0.26303129
0.24818778
0.26158841
0.27320563
0.2850634
0.23760428
0.20348776
0.23183506
0.23915057
0.22890867
0.22456693
0.23794531
0.26111234
0.28295927
0.28283089
0.27663701
0.2789638
0.28570208
0.28064612
0.2834077
0.27613024
0.25373452
0.2604892
0.29004783
0.271953
0.26274171
0.28179248
0.24782415
0.24565861
0.27491973
0.27814608
0.25028071
0.25220764
0.26872312
0.27418138
0.27587388
0.26276082
0.27862801
0.26951556
0.25751699
0.27524401
0.26110506
0.2485176
0.25087836
0.25103303
0.24889968
0.25469486
0.26541064
0.2758432
0.27403913
0.26245653
0.26204158
0.26368243
0.26192059
0.27373473
0.28019396
0.2689279
0.26622991
0.25935521
0.25870578
0.26476979
0.25090812
0.25874854
0.27472263
0.26604223
0.26042625
0.27298975
0.26901123
0.25670637
0.25488051
0.23719839
0.23005493
0.25744594
0.26710619
0.2477775
0.24254948
0.26457555
0.27267291
0.24328943
0.25340443
0.26632559
0.24965222
0.27176786
0.28961723
0.27017013
0.26559989
0.26012067
0.25953612
0.26796661
0.2511334
0.24554779
0.24655231
0.25487628
0.25488104
0.23425701
0.23774469
0.25469724
0.25571712
0.25332412
0.26010123
0.26279144
0.26278937
0.27450024
0.27805044
0.27264514
0.26233919
0.26680115
0.27165901
0.26344423
0.25954273
0.23807187
0.26002202
0.27416038
0.26763175
0.27589763
0.24689526
0.25349434
0.26932591
0.24771753
0.25591931
0.2596797
0.25012244
0.24989669
0.24128367
0.26378732
0.28146731
0.26395383
0.26520729
0.27155136
0.28112427
0.28304517
0.27658444
0.27194679
0.26795614
0.26859587
0.25641596
0.25529915
0.27114864
0.266473
0.26465518
0.27330377
0.27651924
0.2666602
0.25733846
0.26427811
0.27239127
0.26018068
0.23819799
0.23949731
0.25872157
0.26481459
0.26561846
0.28349763
0.26872174
0.26637466
0.2751375
0.2518214
0.24570712
0.25746425
0.25801117
0.25362905
0.27453596
0.28903848
0.27554875
0.26453732
0.26796006
0.2803838
0.28350728
0.27766981
0.26180117
0.25768305
0.26637136
0.25820103
0.26347156
0.27296403
0.2557442
0.24672076
0.24540633
0.25242328
0.25910406
0.26174793
0.26478859
0.27688175
0.27974531
0.25417217
0.2558705
0.26005813
0.2531342
0.25262548
0.24863011
0.24859824
0.26788739
0.26517468
0.24864289
0.25754149
0.26665219
0.27280129
0.25977632
0.24975449
0.25437713
0.25995785
0.25478285
0.26395116
0.27708737
0.27920428
0.26205675
0.25249325
0.26394201
0.25158054
0.23941053
0.24377841
0.26456004
0.26884013
0.25523419
0.26521702
0.27684142
0.2758169
0.27289002
0.26895735
0.27353201
0.27799682
0.27842611
0.27549686
0.27535728
0.27857064
0.28247904
0.26795926
0.26243036
0.26672455
0.27037448
0.26321609
0.2551932
0.25777411
0.24031939
0.16529721
0.11735914
0.12329472
0.13893818
0.17614429
0.21645566
0.2605856
0.25802602
0.25869858
0.26902229
0.27090576
0.26405314
0.25514919
0.27100563
0.26571706
0.27708211
0.28293584
0.2874103
0.28519494
0.26338336
0.27192331
0.27372746
0.2588934
0.26674781
0.28213576
0.26910968
0.27183532
0.29177212
0.29071036
0.26190278
0.24948941
0.27032425
0.27990321
0.2764304
0.28747859
0.28588951
0.2780768
0.28255886
0.27115535
0.24070306
0.2454421
0.25748021
0.25597257
0.27306133
0.27385807
0.26802955
0.28543369
0.26547379
0.24586182
0.27824302
0.26400349
0.25582401
0.26377181
0.26765576
0.27416915
0.25734402
0.25544686
0.25347926
0.26417723
0.28072987
0.25585047
0.24647178
0.26747303
0.27264023
0.2645109
0.27271078
0.28460909
0.26777526
0.27239063
0.2906279
0.2885019
0.27569616
0.24720048
0.17233903
0.10174573
0.14752084
0.20175321
0.20813372
0.24986699
0.26210389
0.24555259
0.25987691
0.27436112
0.27766831
0.27074772
0.26770924
0.26422035
0.26416484
0.27468701
0.2703496
0.27456353
0.27189575
0.26708279
0.27576358
0.27199382
0.26448328
0.27106054
0.28318254
0.27017169
0.26351061
0.26438303
0.25395626
0.27629913
0.28172695
0.25947567
0.26168775
0.24886001
0.25936346
0.25495373
0.23546934
0.26932804
0.27725691
0.26342878
0.26155715
0.26012151
0.26394686
0.26643975
0.27117134
0.28342437
0.28068738
0.26662236
0.26144797
0.25593549
0.26709427
0.2589172
0.25216182
0.25840552
0.26832427
0.29562242
0.29027254
0.2686043
0.27256469
0.29690365
0.27870139
0.25724648
0.26175181
0.25533795
0.25542205
0.26298012
0.26721226
0.26599563
0.25469387
0.25976348
0.28338227
0.27623496
0.25431539
0.25898134
0.26319681
0.26566481
0.27659222
0.25304935
0.24789164
0.25614478
0.25176627
0.24240796
0.25280911
0.26458312
0.2693783
0.27527729
0.27652291
0.29101785
0.28245602
0.2745724
0.2736214
0.27197133
0.27258141
0.27368928
0.27198397
0.27466454
0.26991146
0.26185135
0.24686603
0.25166131
0.25603242
0.24979251
0.26872725
0.26735231
0.27178003
0.27647377
0.25754624
0.27511741
0.28698533
0.26870521
0.27308858
0.2682484
0.26916021
0.28240215
0.27343727
0.28387267
0.2915886
0.27827784
0.26894164
0.26704707
0.26696153
0.26650091
0.25719713
0.25454476
0.28118604
0.29516865
0.28833597
0.27109197
0.26859261
0.29373656
0.28576333
0.24328645
0.23687707
0.24746156
0.24595759
0.25071125
0.2599048
0.24813261
0.23161464
0.25566469
0.28939835
0.2809428
0.27595001
0.27305834
0.25959095
0.26087246
0.25370427
0.2557856
0.27548651
0.26433713
0.24463853
0.24734719
0.25035549
0.25323833
0.24605069
0.25109465
0.24288381
0.22717772
0.23721135
0.22882544
0.20426431
0.20793733
0.23037149
0.23208337
0.22900856
0.23548073
0.23921837
0.2490738
0.25310178
0.24604779
0.24802168
0.24899257
0.22699705
0.21885364
0.23671676
0.24852859
0.24202056
0.22607867
0.22708946
0.24954598
0.24865779
0.22266023
0.23000656
0.23679379
0.1994718
0.17047255
0.13284652
0.10241355
0.14492073
0.18605746
0.1970157
0.19923823
0.20164765
0.20669816
0.21749907
0.21728764
0.21083885
0.21720385
0.23192412
0.24328353
0.24164362
0.23580996
0.23624713
0.24812882
0.25036656
0.23474209
0.22643708
0.22676057
0.22295551
0.22341648
0.22460322
0.22631979
0.23654582
0.23845549
0.22755982
0.22823808
0.21512317
0.21160811
0.23420068
0.2207801
0.20886777
0.2266587
0.2334319
0.23349199
0.2354238
0.23467788
0.21592246
0.20762341
0.22795076
0.24119215
0.24436708
0.23448253
0.23764512
0.2508966
0.27308076
0.27616758
0.25761143
0.25715976
0.26967824
0.27205169
0.28328751
0.29188644
0.27767611
0.26423428
0.27011293
0.28253406
0.27605542
0.27151368
0.25484976
0.24750438
0.28111689
0.29584444
0.28204957
0.28676935
0.27399073
0.25965073
0.25933819
0.26788475
0.2686481
0.27750372
0.27831334
0.27169953
0.27654882
0.29218019
0.2938021
0.2837389
0.2765977
0.26589707
0.26724237
0.26419912
0.26185884
0.2534764
0.25905045
0.27694308
0.27887596
0.27184697
0.2640532
0.26753529
0.2716099
0.25868733
0.2670014
0.27633769
0.2522769
0.25222575
0.25569887
0.25022917
0.27191997
0.2679138
0.26703923
0.27236413
0.25617433
0.25673287
0.2555791
0.27375564
0.27539219
0.2483535
0.25017747
0.25174798
0.26098139
0.27233217
0.26508161
0.25766951
0.26747318
0.26936819
0.26603609
0.27870459
0.28416234
0.29867888
0.2809089
0.26231161
0.2729344
0.27822611
0.28087605
0.27019028
0.27296255
0.27260031
0.25376684
0.24800376
0.26906195
0.26894482
0.24721163
0.24600051
0.25457755
0.24783016
0.2540945
0.28041034
0.28319697
0.28168204
0.28857478
0.27975459
0.27206451
0.27021384
0.26121085
0.26415458
0.27141796
0.27371979
0.26352922
0.25348864
0.25616626
0.26810158
0.26287566
0.24753213
0.24851395
0.25961161
0.27024365
0.26697346
0.27734116
0.26402918
0.26824951
0.28562355
0.2746402
0.25888418
0.26730314
0.27437918
0.26677107
0.28099256
0.27201299
0.26646071
0.2772087
0.2942813
0.27067204
0.26015846
0.26350812
0.2607472
0.29159512
0.29993336
0.28551759
0.26265713
0.26519582
0.27021982
0.28774123
0.29240543
0.27770885
0.2847957
0.2696926
0.25431196
0.27406115
0.27627002
0.29725626
0.30218376
0.25848803
0.24900618
0.2580651
0.26057308
0.27104276
0.28604727
0.27337004
0.25660288
0.28496161
0.30602536
0.25997176
0.24094547
0.25669588
0.27056408
0.26867998
0.26591622
0.27451171
0.26258933
0.24624118
0.26012768
0.27608859
0.27537834
0.28066522
0.26981168
0.26465471
0.28123162
0.26269869
0.26376759
0.27692789
0.26023815
0.26035391
0.26137444
0.26575285
0.28391849
0.29018053
0.25402829
0.22272068
0.21729132
0.22455002
0.21864713
0.21937501
0.25784457
0.28054116
0.26730565
0.26370131
0.26268571
0.26111068
0.2595588
0.27041348
0.28138985
0.25885673
0.26072893
0.26854918
0.26635096
0.26870521
0.28383488
0.29583418
0.2728237
0.25600077
0.25923341
0.27319824
0.28304505
0.27001477
0.27618676
0.27757094
0.26348338
0.26855479
0.2607615
0.26553975
0.26956718
0.26189254
0.26350547
0.27440129
0.29028738
0.28546985
0.27502948
0.25120503
0.23416801
0.25502004
0.26511683
0.27605191
0.25841847
0.23336357
0.2387359
0.24637063
0.26247151
0.26670695
0.25838882
0.24173031
0.24388757
0.25114935
0.25698452
0.24630334
0.24623224
0.26578929
0.2785868
0.27860766
0.27775018
0.28913387
0.26477734
0.26603224
0.28080708
0.26331967
0.25536546
0.24817953
0.25263315
0.28612714
0.28590916
0.26165094
0.26826039
0.27638974
0.27941531
0.26913103
0.27902679
0.29402472
0.26930028
0.26138967
0.26472133
0.26233176
0.25559707
0.24133225
0.25161727
0.26396839
0.25869864
0.25245225
0.2495633
0.2464558
0.23680359
0.25598079
0.2565046
0.24700346
0.25398132
0.25413602
0.25661865
0.26759797
0.26625193
0.25255015
0.24696072
0.22732098
0.23683277
0.24253995
0.22845604
0.25155537
0.25156758
0.24847729
0.26574943
0.24773329
0.24892175
0.26583371
0.28307385
0.28963486
0.26176646
0.25117589
0.25000033
0.25027233
0.24709733
0.23610536
0.24708882
0.25123071
0.26096877
0.26227385
0.24944712
0.25146664
0.25216021
0.25268553
0.24017591
0.23908627
0.22551869
0.2103253
0.22040242
0.23225328
0.24345276
0.2530445
0.26194856
0.25207225
0.2399654
0.24062101
0.2437489
0.24581673
0.26217874
0.26782387
0.26715381
0.26383378
0.25396434
0.23712326
0.23970741
0.250128
0.23739911
0.21476
0.22000911
0.24265003
0.23429374
0.238849
0.24763813
0.25689132
0.25945332
0.26043723
0.26231472
0.23408463
0.24043285
0.26957171
0.25370144
0.24281091
0.25595619
0.26232746
0.25635301
0.25487802
0.26305567
0.25585283
0.23960464
0.23623773
0.24802762
0.24819915
0.24551694
0.23413535
0.23718257
0.24813251
0.23106225
0.2195605
0.22736067
0.25521186
0.26319279
0.2581298
0.24905353
0.23839425
0.25418446
0.26002052
0.2444279
0.23439446
0.23751616
0.23809383
0.24211249
0.24258612
0.24730611
0.25178366
0.25707502
0.27289465
0.26364637
0.23822876
0.23282313
0.25429627
0.2467465
0.22974942
0.22171476
0.24279881
0.26385608
0.25131572
0.24462137
0.2424135
0.25391112
0.25995071
0.25404241
0.26109954
0.26050153
0.25158398
0.25607242
0.24645023
0.22828326
0.22125784
0.22326827
0.23879944
0.26180448
0.26316404
0.26171921
0.26100669
0.24918892
0.2506525
0.27476759
0.27239061
0.26090763
0.25458952
0.22841223
0.22941177
0.25515423
0.25639637
0.26084235
0.25172004
0.22989912
0.21753743
0.18062679
0.14517453
0.10443889
0.12987463
0.18636859
0.20348925
0.22509353
0.23848352
0.23764554
0.23432819
0.24042132
0.23885986
0.25115495
0.25325098
0.25024632
0.24914842
0.23159999
0.23850853
0.25021529
0.24754936
0.23477248
0.24084892
0.24362749
0.23498322
0.22611851
0.23478031
0.25108382
0.23945625
0.23854137
0.26164845
0.25330081
0.23963818
0.25703109
0.24568979
0.23195695
0.23654826
0.22933205
0.24338819
0.25062807
0.25024342
0.25486776
0.23717222
0.24065656
0.24254763
0.21863247
0.23159567
0.24697619
0.2409141
0.25588088
0.25875794
0.24438851
0.24139321
0.24866649
0.2351983
0.22797899
0.24089988
0.24212762
0.23101357
0.23700543
0.24264489
0.24115784
0.23733241
0.23707257
0.237295
0.25159837
0.25367814
0.23200026
0.23171494
0.23390404
0.2423525
0.24208204
0.23519639
0.22566367
0.22928593
0.24139655
0.24835263
0.25402432
0.25194229
0.2545667
0.24483404
0.23930404
0.24460154
0.23836509
0.22815663
0.25489811
0.26896907
0.25837632
0.26604674
0.26062997
0.23902066
0.25206855
0.25841439
0.25103104
0.2708568
0.25053347
0.22633453
0.23411565
0.24897221
0.26861689
0.25773185
0.23170449
0.25256312
0.25611068
0.24270061
0.24643668
0.24897853
0.25890001
0.24912529
0.23681415
0.25225424
0.25403768
0.25043013
0.25722678
0.2557246
0.25160247
0.25122946
0.24741752
0.23586709
0.24396195
0.25523368
0.24270204
0.24825858
0.24973626
0.23472028
0.2334308
0.23464228
0.25344071
0.2490927
0.24377048
0.26861982
0.26998269
0.25850727
0.2518452
0.26055936
0.25723849
0.24499079
0.23537501
0.2395755
0.25699645
0.2730854
0.27260402
0.25422528
0.252345
0.26038633
0.25675677
0.25868609
0.26076005
0.25753536
0.24845432
0.22764916
0.2398225
0.25801753
0.27272551
0.26820096
0.24992427
0.25864573
0.26522745
0.27778508
0.27858476
0.25045745
0.24750659
0.2565855
0.24314147
0.24314972
0.2389155
0.22743393
0.24373294
0.24432391
0.23839992
0.23870037
0.24352465
0.25678351
0.24124662
0.23314191
0.25022293
0.2451359
0.25455014
0.26184708
0.24599611
0.23873025
0.23757096
0.23829826
0.24564315
0.25575164
0.25184211
0.24394007
0.25119509
0.24977871
0.23728098
0.2449439
0.24996256
0.2643005
0.28670928
0.2669709
0.23725625
0.23860411
0.24134594
0.22645919
0.24721932
0.25747821
0.23289753
0.22594294
0.22804923
0.23412856
0.23693856
0.23478353
0.24545876
0.25805531
0.24086337
0.24452313
0.24158159
0.23728652
0.25523012
0.25751803
0.25458252
0.24184774
0.23365596
0.24386707
0.26004091
0.25147647
0.24984752
0.24908
0.23008868
0.23719975
0.23625051
0.21845538
0.22327804
0.24012737
0.23698964
0.23313249
0.23391578
0.23710658
0.24044641
0.23798038
0.25119413
0.24902265
0.24066935
0.23583206
0.24305556
0.24361494
0.25332873
0.25945343
0.24764818
0.25303299
0.25267168
0.26016451
0.26658689
0.2591965
0.2522742
0.23631113
0.2343716
0.25147866
0.24393313
0.23150495
0.2392135
0.24751983
0.25059442
0.24561157
0.24369008
0.24533999
0.23463239
0.24203647
0.25181271
0.26006967
0.26840296
0.26259581
0.24753821
0.23531234
0.2271849
0.24413523
0.26254854
0.24964418
0.23939417
0.24470547
0.25191905
0.24677356
0.24378485
0.24235128
0.24288077
0.24993345
0.24611548
0.24032598
0.25550929
0.24873986
0.23262026
0.23971669
0.24961059
0.24669074
0.24444225
0.25953181
0.25585207
0.25496717
0.25175793
0.24444352
0.25378437
0.27039205
0.27187746
0.26345939
0.27138459
0.28383016
0.27886523
0.264331
0.25325777
0.25583005
0.24196957
0.22623163
0.26313412
0.272621
0.26570917
0.26929222
0.24751642
0.21960963
0.23510357
0.25536175
0.2454791
0.25609769
0.26321077
0.26118469
0.24814307
0.25193905
0.2747598
0.26746283
0.25992266
0.25087144
0.25175714
0.25855576
0.26078142
0.25466167
0.23882461
0.25287087
0.26761624
0.25520033
0.23120675
0.24395552
0.2615581
0.25403569
0.24964557
0.24323247
0.26056325
0.26681625
0.25488054
0.25164019
0.23980052
0.22391168
0.19322791
0.16188901
0.17401977
0.20083039
0.2285578
0.25557107
0.25387507
0.24483113
0.22426274
0.23823393
0.26181156
0.26165801
0.2503796
0.24355689
0.24997948
0.24292479
0.25174428
0.25870953
0.26284704
0.26572156
0.2649481
0.25696249
0.26195656
0.27086387
0.25348219
0.25484859
0.27732844
0.2701697
0.24456966
0.2261201
0.22003718
0.23977862
0.26547349
0.26370792
0.25471256
0.24654394
0.24415562
0.24971362
0.25623117
0.24978705
0.23310808
0.25201199
0.25311595
0.2430085
0.25383038
0.26475382
0.25243629
0.22947247
0.23395351
0.24638333
0.25344172
0.24336792
0.23953295
0.23522047
0.23515034
0.26203664
0.26819229
0.26088306
0.25660247
0.24828095
0.2301505
0.2350541
0.26361882
0.26252927
0.27003276
0.26993889
0.25018097
0.25765241
0.24877236
0.24276688
0.26000811
0.24628088
0.2422984
0.25095224
0.23691362
0.23579134
0.2406429
0.24609124
0.25692579
0.24638624
0.24693627
0.24343527
0.24840049
0.25072933
0.24954749
0.27341569
0.2547594
0.24279749
0.25073814
0.25056045
0.2646474
0.26278496
0.25660025
0.25154248
0.25751177
0.26517823
0.25938257
0.25641316
0.24253326
0.23877471
0.2412341
0.25169088
0.27136584
0.27586319
0.25903302
0.23831887
0.25510991
0.27649398
0.26132757
0.2428139
0.24640832
0.25264131
0.2541554
0.25934654
0.24364713
0.24392923
0.25720788
0.25065248
0.25576601
0.268829
0.26132532
0.23673909
0.22326869
0.24072218
0.25192222
0.23524449
0.24223402
0.26141508
0.25185328
0.26046415
0.27871839
0.25738519
0.23337025
0.256022
0.26832859
0.25605756
0.25917276
0.25928164
0.26363201
0.25891733
0.2603898
0.25799395
0.25533336
0.28078702
0.25929104
0.2468538
0.27518433
0.25738271
0.25144358
0.25652624
0.25124034
0.24662015
0.25698249
0.27599502
0.27598027
0.25865422
0.22899399
0.24094226
0.2529646
0.23630534
0.24688764
0.26393412
0.26412043
0.25030358
0.25079282
0.25332251
0.25876544
0.2764003
0.26354878
0.2558212
0.24768478
0.24410202
0.25249551
0.2688675
0.24885415
0.24476498
0.26704386
0.25846833
0.25320472
0.25538959
0.24812817
0.22784822
0.24254689
0.26721083
0.2833161
0.27237286
0.24675669
0.22912951
0.24676091
0.2769363
0.25302395
0.24333751
0.25374638
0.27486507
0.28650564
0.25516359
0.22940586
0.19195057
0.15604172
0.14693584
0.1868986
0.22470753
0.23424736
0.24342424
0.240665
0.24414751
0.25666956
0.26229137
0.23777186
0.23593137
0.26341982
0.26248397
0.25177244
0.24849329
0.25501782
0.25263697
0.25923291
0.26354421
0.26636275
0.25982047
0.25399034
0.27294399
0.26663739
0.26047904
0.25096781
0.26160462
0.26450229
0.24129379
0.22929232
0.21052871
0.21092541
0.23132566
0.24180728
0.23832947
0.23465766
0.24319105
0.24227261
0.2337606
0.22183361
0.21740948
0.22480161
0.22547901
0.22848485
0.2170906
0.21628576
0.2315456
0.23387131
0.23100671
0.22954629
0.21936864
0.22551426
0.23361636
0.22661969
0.21722986
0.20090414
0.20369965
0.21907354
0.21857746
0.20633417
0.21527944
0.22408985
0.22188436
0.21378423
0.2091082
0.21282769
0.22814332
0.2393128
0.22873898
0.22282819
0.21450898
0.22712179
0.22817637
0.20796659
0.23167347
0.24885253
0.24000429
0.23846703
0.23294354
0.22495192
0.21871685
0.22286432
0.22898692
0.21353224
0.1732046
0.14421988
0.17014925
0.19449054
0.1990783
0.21118123
0.21939825
0.22304552
0.24028481
0.24247605
0.22682482
0.22896338
0.22613536
0.22329291
0.2197224
0.22238306
0.22829865
0.23084426
0.22507906
0.22202713
0.24128919
0.24497311
0.22778071
0.21397229
0.22508202
0.23875609
0.23463806
0.23826513
0.23637805
0.2302834
0.21662321
0.21472139
0.22394445
0.21304452
0.22439313
0.23339308
0.23055076
0.2366555
0.229205
0.20999677
0.21092077
0.21965214
0.22103463
0.21960891
0.2249489
0.2493948
0.24564644
0.22817841
0.22422859
0.21262619
0.21068858
0.22830573
0.2279481
0.23340285
0.24784278
0.22985897
0.22792392
0.23294656
0.23345971
0.23117087
0.22635847
0.22494734
0.22209645
0.23655025
0.24279093
0.23969491
0.24558274
0.24201403
0.25128912
0.28253637
0.29424989
0.27435849
0.25042266
0.25394932
0.26371665
0.29283269
0.29538681
0.26996161
0.26984541
0.28473641
0.27243881
0.27022187
0.29000605
0.28104722
0.2751106
0.27949846
0.28328089
0.26663807
0.26270631
0.26791223
0.26506121
0.2618338
0.25164911
0.25934052
0.26512313
0.25802502
0.27325283
0.26703338
0.26907816
0.27539761
0.28022239
0.28993238
0.27626946
0.27685308
0.28105571
0.27839248
0.27034548
0.25812143
0.27369176
0.27723856
0.26525977
0.25897557
0.26517707
0.26953052
0.2653024
0.2672379
0.24869377
0.26536654
0.2746577
0.26896896
0.28232356
0.2721868
0.26576782
0.2705853
0.29390509
0.30220979
0.29488848
0.27681546
0.26309766
0.28336041
0.2795642
0.26728531
0.28992165
0.28978616
0.2708159
0.26091062
0.22543996
0.1723374
0.18623456
0.22654452
0.23051136
0.25721537
0.26965684
0.25574145
0.2539178
0.25985588
0.25710083
0.25380144
0.25904458
0.26618173
0.26419901
0.27567074
0.28000811
0.26955374
0.26592894
0.2685844
0.25932115
0.23386517
0.2373164
0.2614497
0.27209772
0.28374695
0.29034977
0.27936997
0.27146576
0.26613038
0.26814471
0.27601126
0.27716897
0.27004277
0.25876186
0.26660782
0.28962592
0.28527517
0.2624228
0.27264864
0.28649822
0.31153065
0.29506181
0.24633187
0.26608566
0.29290752
0.2718247
0.25772925
0.26300216
0.26403705
0.28581314
0.2808892
0.27785856
0.28727755
0.26644985
0.25078517
0.26544381
0.29037272
0.27321947
0.26609287
0.27733782
0.27163893
0.27591455
0.2805742
0.27147489
0.25825352
0.25722392
0.25217385
0.24298421
0.27334511
0.28569731
0.27068676
0.26336728
0.2554733
0.27794982
0.28139156
0.28647298
0.29587599
0.27742535
0.27115076
0.25264789
0.25103192
0.28067345
0.28884659
0.26767342
0.22727956
0.18362162
0.17535564
0.20690513
0.23347176
0.25305194
0.25355939
0.24888402
0.26235739
0.26702777
0.2640164
0.26246906
0.26510808
0.26466793
0.29069062
0.29837259
0.28922716
0.28401715
0.25575685
0.25963674
0.2700611
0.27127917
0.26791338
0.26766528
0.27584853
0.26417202
0.27058087
0.28835006
0.29195298
0.27280977
0.25536626
0.26215464
0.25946746
0.26359783
0.26187645
0.25761791
0.28181259
0.30013161
0.26228862
0.24181729
0.26332527
0.26092219
0.24980065
0.25452314
0.2746702
0.28165243
0.29318527
0.2903237
0.27578045
0.25762324
0.25298965
0.27589399
0.29092379
0.2747833
0.26011356
0.2665722
0.27115083
0.26512033
0.26831482
0.2724477
0.27850046
0.30317018
0.30038312
0.29752942
0.3022499
0.27976297
0.26960785
0.26977702
0.24815441
0.24206564
0.25237529
0.26240892
0.27222389
0.26831386
0.25755016
0.27134494
0.2656108
0.25605669
0.26311721
0.25595422
0.28142353
0.28424163
0.27674637
0.2832463
0.26765544
0.2662956
0.27231165
0.27274836
0.28047231
0.28100173
0.28529013
0.28294797
0.26008821
0.26299616
0.27539164
0.28142804
0.28860192
0.26629291
0.26861458
0.28660379
0.27356752
0.26098716
0.28083798
0.27611354
0.23627842
0.24008948
0.27677882
0.293077
0.28417836
0.27064033
0.26307862
0.27330826
0.27552548
0.28684308
0.28079392
0.26125404
0.25822916
0.25799003
0.26461786
0.26566636
0.26655903
0.27305479
0.26608446
0.26846612
0.27260465
0.26886443
0.27710631
0.2650863
0.26707558
0.27342691
0.25118632
0.25465565
0.26623246
0.2717402
0.26784619
0.26902647
0.2748976
0.27568905
0.28155047
0.26849162
0.26104909
0.2611675
0.26351307
0.27133096
0.26903859
0.24753891
0.25573746
0.26267517
0.2514441
0.26330602
0.25921824
0.26296168
0.26169901
0.25989812
0.27046478
0.2654361
0.26133541
0.25974126
0.27270456
0.26641088
0.26100317
0.27710407
0.26198545
0.25763245
0.27743089
0.2828163
0.27258324
0.27908012
0.28645966
0.28425048
0.26817721
0.24328089
0.24461417
0.2641003
0.27389508
0.26747022
0.25759231
0.25970381
0.26527034
0.26289253
0.2751235
0.28685415
0.27977532
0.28274149
0.27849205
0.27787244
0.28037401
0.26198714
0.2706247
0.28043497
0.27413028
0.27321294
0.27352475
0.27312404
0.28323849
0.29095894
0.29189797
0.2883502
0.27066524
0.26328207
0.25365108
0.24545874
0.24273486
0.25372581
0.26174932
0.26813381
0.27180135
0.26957715
0.26568439
0.26631891
0.27682947
0.26594416
0.26072742
0.26947131
0.26319252
0.27065036
0.28749363
0.28107555
0.25890259
0.25082123
0.2567127
0.26504106
0.29166653
0.27461463
0.27088826
0.2820598
0.27220916
0.27731044
0.27204834
0.27215386
0.26886401
0.25228883
0.27058911
0.27688802
0.26521275
0.27321377
0.25697809
0.26254847
0.27498738
0.2695032
0.2664975
0.2710391
0.26168576
0.21990194
0.20666594
0.22212838
0.22429356
0.2333049
0.26629005
0.25708494
0.22518052
0.24022208
0.26155448
0.26215041
0.24892375
0.25909735
0.26680185
0.25387434
0.25496538
0.24433361
0.23997115
0.26156589
0.25685795
0.24564386
0.25776602
0.26417046
0.26194566
0.27068931
0.25552576
0.24785905
0.27068398
0.25332448
0.25533879
0.26129162
0.2473112
0.24412029
0.24009668
0.24764274
0.2407147
0.22869172
0.23532578
0.24448459
0.23914558
0.23454631
0.23538096
0.22805221
0.22886028
0.22956296
0.23081317
0.22067396
0.22839771
0.23524021
0.22545592
0.22824935
0.22660565
0.23022174
0.23600741
0.23830336
0.22858609
0.23197594
0.23039603
0.22949105
0.24074463
0.23936437
0.24767881
0.24039206
0.20874912
0.20397438
0.20183973
0.21208035
0.24349908
0.23007294
0.2221071
0.23193539
0.23363865
0.23013864
0.22711403
0.22148766
0.22451139
0.22626028
0.21846258
0.21898854
0.2184378
0.23191495
0.22722629
0.21740733
0.2130204
0.19391023
0.19448137
0.21225267
0.22216115
0.22370076
0.22604341
0.22347949
0.21973314
0.2307754
0.21668791
0.21927142
0.23393857
0.21758531
0.20568086
0.18936151
0.16352507
0.15088036
0.17578347
0.17874682
0.13907134
0.12342072
0.16710343
0.20751365
0.1977218
0.19626648
0.17399692
0.17690216
0.20149664
0.19961896
0.21171623
0.18567963
0.15510421
0.15895543
0.18324931
