0.22806294547405298
0.24980055708109428
0.24573251
0.2237076
0.23412133
0.23608239
0.24485057
0.22228264
0.20188288
0.23378112
0.23923759
0.21586358
0.21094817
None
None
None
None
None
None
None
None
None
0.18286701
None
None
None
None
None
None
None
None
None
None
None
None
None
None
None
None
None
None
None
None
0.15617686
0.1828185
0.21281703
None
None
None
None
None
None
None
None
None
0.22105091
0.21496633
0.24544943
0.252063
0.21553454
0.20155871
None
None
None
None
None
None
None
None
None
None
None
None
None
0.21043708
0.21758229
0.21204187
0.21057128
0.20968245
0.20905255
0.21976284
0.21909716
0.19260377
0.18774555
0.21845455
0.21321282
0.19062151
0.19710093
0.19719932
0.18731641
0.21248063
0.22280839
0.20205873
0.20398859
0.21565466
0.22494621
0.22133845
0.2120103
0.22199168
0.25180011
0.25355779
0.24809742
0.24110103
0.23886737
0.24723762
0.24385775
0.2562177
0.25808316
0.24757825
0.2542272
0.25127013
0.23453168
0.23611604
0.2425627
0.232359
0.2140354
0.16362599
0.12427231
0.11679859
0.11443081
0.14157436
0.18253558
0.20562152
0.18765827
0.18116061
0.20603682
0.21143784
0.20101191
0.18816832
0.20281746
0.20212758
0.19086105
0.2074416
0.20743048
0.21035468
0.22792814
0.2111655
0.18005308
0.18527305
0.19867004
0.20039452
0.18232051
0.16570553
0.16208203
0.19076472
0.20309961
0.18862754
0.20344245
0.19269829
0.17019237
0.19445852
0.20254329
0.18757303
0.2032009
0.21305733
0.21428115
0.21263939
0.21505729
0.20119653
0.18589127
0.20493028
0.22838795
0.21838873
0.2125235
0.21420694
0.19425714
0.19858775
0.18093426
0.15818153
0.18762704
0.20423048
0.1978005
0.21411948
0.22318408
0.21281174
0.22218388
0.23825804
0.23597803
0.22042909
0.21064337
0.21961789
0.22864133
0.22430243
0.22853217
0.23117374
0.22234744
0.21684479
0.22741047
0.2290013
0.2167805
0.21192052
0.20998983
0.19942312
0.20221321
0.21715651
0.22129613
0.21606388
0.19983078
0.19495531
0.20175252
0.21406939
0.23089404
0.24117357
0.22933565
0.22338188
0.22947597
0.21914062
0.20138544
0.2130957
0.22803932
0.21265567
0.21854502
0.22337919
0.23402216
0.24564156
0.22186192
0.20914413
0.21818783
0.21368308
0.22890783
0.24417322
0.22581456
0.22320676
0.23596919
0.23853359
0.24000846
0.23591748
0.22722315
0.22389285
0.23527919
0.24024348
0.22079642
0.2248452
0.23720891
0.21557328
0.21405328
0.2400256
0.23762392
0.21893808
0.21352772
0.22397436
0.22259758
0.22157596
0.2265501
0.23010735
0.21971397
0.2187276
0.246634
0.24042579
0.21762524
0.2279546
0.23706807
0.2320041
0.21967508
0.22533449
0.23822513
0.236068
0.22787024
0.21247531
0.21511074
0.22009433
0.22845032
0.2345031
0.23245369
0.2288111
0.2247793
0.23987703
0.2415414
0.23409569
0.23338691
0.22642351
0.22710051
0.2182161
0.20921501
0.22524899
0.22848386
0.22575934
0.22711396
0.21480025
0.21113464
0.21547175
0.21955533
0.21858278
0.22342727
0.24339811
0.23922727
0.21951172
0.22085807
0.23566548
0.21177266
0.20925103
0.23606794
0.23289566
0.23259412
0.20836971
0.1465534
0.14422393
0.1224132
0.08061612
0.1249851
0.16861224
0.19553411
0.20843081
0.20555462
0.21356929
0.2182168
0.2123706
0.19940516
0.19776175
0.21983126
0.21042471
0.19960948
0.215723
0.21056647
0.22006308
0.23435487
0.2368841
0.23428402
0.21763298
0.20151475
0.20235791
0.21216225
0.21378702
0.22265639
0.21703706
0.21606785
0.21798529
0.19489418
0.19842155
0.2147992
0.20979574
0.22077888
0.22271932
0.20054955
0.20556104
0.22596415
0.21836581
0.21607567
0.19629294
0.20194467
0.22023935
0.21982802
0.21331146
0.19748023
0.21985752
0.22168354
0.19882499
0.203182
0.22593884
0.23482805
0.2331479
0.21647545
0.21077547
0.21884675
0.21445422
0.22398249
0.2312429
0.22197653
0.21577564
0.21490745
0.21709942
0.220895
0.22169987
0.21108626
0.20516409
0.20071461
0.18922906
0.20123404
0.20973791
0.2075824
0.21619045
0.22071669
0.2117529
0.20108012
0.21684382
0.22390239
0.21632025
0.20662598
0.20653473
0.2059614
0.18271915
0.19663355
0.21260475
0.22356522
0.2052667
0.15146431
0.15349145
0.15925784
0.11672262
0.12512431
0.17784227
0.17319285
0.16334455
0.18534612
0.20919349
0.21107131
0.21290824
0.20613882
0.19540405
0.19512403
0.19255713
0.19086747
0.19849548
0.1981783
0.18007027
0.16920999
0.17613403
0.19218923
0.18859809
0.19654434
0.21047868
0.20385513
0.2063687
0.20804238
0.18867108
0.19218568
0.20248764
0.21004387
0.22111685
0.17847478
0.1677685
0.18658665
0.17403782
0.19182335
0.21201445
0.20083008
0.2027333
0.19245336
0.1843152
0.1867569
0.18537352
0.21095728
0.21092347
0.16538767
0.15806658
0.19209038
0.18886793
0.19404253
0.20109212
0.19416352
0.20353318
0.20276978
0.20615342
0.21345254
0.20453323
0.20450211
0.22587027
0.23849021
0.23861664
0.21911949
0.20926966
0.20199655
0.21527165
0.23012759
0.23679525
0.24000676
0.21726747
0.21072638
0.20278
0.20946907
0.20420701
0.19610918
0.21376806
0.21881107
0.21991207
0.2121043
0.20221701
0.20566246
0.21337422
0.21754442
0.23423816
0.24425313
0.22129434
0.21140241
0.21059503
0.22460103
0.22226356
0.21418743
0.22196847
0.21590432
0.22284507
0.21900251
0.20793852
0.22573288
0.22522045
0.2154401
0.20441536
0.20625601
0.21832192
0.21902644
0.22968533
0.23288499
0.21878185
0.20993906
0.21556584
0.19774429
0.18285308
0.19655514
0.21437371
0.21449936
0.20925366
0.21915728
0.21276449
0.20306203
0.22034181
0.22110559
0.15126632
0.0908223
0.09397102
0.1268052
0.16377849
0.18602296
0.2052697
0.21339303
0.21779636
0.21485598
0.1983087
0.19330686
0.18704562
0.18851552
0.20445885
0.21043382
0.22073854
0.22708516
0.22184464
0.22093628
0.21253653
0.19015488
0.19432724
0.20971989
0.19946132
0.18399331
0.17865979
0.18983732
0.19567086
0.18203708
0.17363926
0.15494449
0.1461168
0.17025761
0.1737379
0.16816069
0.15864592
0.16529327
0.17421605
0.15289761
0.14270775
0.13974339
0.14060345
0.14122366
0.14086422
0.14255506
0.14353968
0.15169829
0.16023734
0.15693288
0.15743204
0.15632027
0.14118483
0.1254454
0.14062817
0.15282893
0.15928307
0.15747036
0.16413293
0.17383798
0.14197307
0.13604814
0.16088527
0.16843631
0.14717688
0.14003701
0.15060586
0.15051724
0.13916626
0.13826717
0.15459586
0.16378853
0.17581123
0.17804817
0.17703826
0.18440141
0.16609535
0.15130259
0.14949767
0.15678674
0.16924546
0.16938053
0.16243948
0.14626321
0.16854273
0.1966323
0.20661498
0.23122632
0.24330933
0.24714227
0.25201898
0.25138099
0.26837795
0.25460953
0.25112163
0.26844765
0.24555478
0.24151541
0.25214713
0.25964145
0.26454067
0.25986712
0.24124014
0.22656699
0.22549007
0.22713708
0.22864801
0.23566651
0.25179553
0.23607808
0.21563078
0.24101849
0.25330534
0.24258427
0.22704974
0.21874977
0.24071842
0.25761401
0.26034421
0.25714741
0.25630071
0.25475761
0.24276516
0.23857636
0.23838899
0.22695465
0.23351931
0.22888303
0.21600926
0.19207162
0.12243883
0.09348788
0.08988349
0.08457916
0.12725085
0.17545332
0.19459494
0.20952507
0.23215531
0.23338339
0.23252778
0.24474945
0.24081957
0.24244568
0.25121692
0.24792276
0.23670726
0.23558676
0.23961164
0.24367905
0.26418077
0.26787884
0.26521772
0.26765895
0.25214669
0.24158303
0.23877039
0.25307478
0.26220318
0.24423167
0.23547761
0.22769945
0.23901238
0.25408028
0.24234613
0.2441028
0.23181118
0.23115216
0.24194604
0.24405405
0.24842154
0.24580334
0.25689824
0.25642785
0.24522578
0.25155483
0.24728057
0.21847141
0.14952264
0.09872521
0.06834833
0.03656474
0.05982664
0.07271655
0.05566365
0.077845
0.12027985
0.16641114
0.19992143
0.22203113
0.21651549
0.22002495
0.24354516
0.24325618
0.24584694
0.24524604
0.2580248
0.24921291
0.22695554
0.23559412
0.23510151
0.23808202
0.24172813
0.22416174
0.23744997
0.23669157
0.22561366
0.23783711
0.24477905
0.26329103
0.2620955
0.24712833
0.23430208
0.21935936
0.21882381
0.23651054
0.25384866
0.24446393
0.2371771
0.23361648
0.23515267
0.24547454
0.24671766
0.25198736
0.25768954
0.23761652
0.22431073
0.23815451
0.24457181
0.24430829
0.23029267
0.23984697
0.27140682
0.25729508
0.25691769
0.26018886
0.24978472
0.25804099
0.25048715
0.24026916
0.25417843
0.26279418
0.24341507
0.24063048
0.26024067
0.27183127
0.25097312
0.23533077
0.25222538
0.24467436
0.24991566
0.26068988
0.24231048
0.25446067
0.266498
0.24533018
0.24180637
0.25087564
0.25431814
0.25719768
0.23322554
0.22874766
0.21235717
0.12273334
0.07526728
0.07002885
0.09263514
0.14001659
0.18722859
0.20675336
0.21739035
0.24159109
0.26189193
0.2613826
0.24174393
0.22684735
0.22790707
0.24727689
0.24022987
0.2487246
0.27382787
0.26756832
0.2557906
0.24382524
0.23603637
0.2530719
0.25110512
0.2386506
0.24302744
0.25018578
0.23674754
0.24618572
0.26965397
0.24879668
0.2426585
0.26319664
0.25666229
0.24970884
0.24958693
0.25795219
0.26088797
0.2539467
0.2466204
0.24628512
0.25303597
0.25784956
0.27876849
0.28277264
0.28368768
0.28125188
0.27164016
0.27638602
0.28420382
0.28723329
0.29689945
0.27814061
0.26239079
0.27665797
0.28514788
0.29200123
0.28211458
0.27321491
0.27069116
0.27285086
0.27930807
0.2875485
0.29070179
0.28197127
0.27863263
0.26709747
0.26140273
0.28876971
0.29368053
0.28863202
0.29285867
0.27607231
0.27574431
0.29536966
0.28950297
0.27453069
0.2835185
0.29804765
0.30032157
0.27397193
0.25699256
0.26906518
0.27587053
0.27734647
0.28087657
0.28741636
0.29033982
0.29031729
0.28196337
0.27776133
0.28062071
0.27428982
0.25796335
0.1971343
0.12647717
0.12422989
0.09654968
0.05014048
0.05641489
0.12405688
0.21941503
0.25250167
0.25521023
0.25803048
0.26513689
0.27367835
0.26492106
0.25927999
0.26356172
0.27345378
0.27367703
0.26752975
0.26410204
0.27180398
0.2638931
0.26076288
0.28448982
0.28734965
0.27312249
0.25805927
0.26669126
0.26870436
0.23198316
0.21827036
0.23493343
0.23718307
0.24533215
0.24453369
0.23485175
0.23224512
0.22696711
0.22097045
0.21001613
0.20768769
0.23272643
0.2491393
0.24347923
0.22907829
0.22714474
0.23614553
0.24752535
0.26330539
0.25246378
0.24517463
0.25709905
0.24843712
0.23971842
0.21398262
0.12521107
0.06893011
0.05864269
0.10324037
0.1818887
0.22450754
0.23242156
0.23674871
0.26090172
0.25369279
0.24062802
0.25253358
0.25925238
0.25214614
0.23978045
0.23642364
0.23796283
0.2432705
0.23535674
0.24268818
0.25153062
0.24377614
0.25136178
0.2511185
0.25248951
0.24854519
0.24962597
0.2374828
0.22619377
0.2359954
0.24833413
0.2437184
0.22430828
0.23841262
0.24009
0.22679781
0.23972644
0.24038322
0.240575
0.25493832
0.23542391
0.21695881
0.2347498
0.24139778
0.24973161
0.24935911
0.24470234
0.23756044
0.24175716
0.25805733
0.24193168
0.24112748
0.26017538
0.26301083
0.23916972
0.23415097
0.23993484
0.24691597
0.25785093
0.2475203
0.23227503
0.22779285
0.19454839
0.11281399
0.05810697
0.06449616
0.0722679
0.08942818
0.13945943
0.17753774
0.21303115
0.23627103
0.24759815
0.25884154
0.26374714
0.26726893
0.25190545
0.23675959
0.23441767
0.24257425
0.2498298
0.23816107
0.23678794
0.25229639
0.25713923
0.24171612
0.23218393
0.23440407
0.23566751
0.23154647
0.24118723
0.24737521
0.24130148
0.25012817
0.24072826
0.22606348
0.22645243
0.23132263
0.23388382
0.24545932
0.25273853
0.23954082
0.2426467
0.24166194
0.23789233
0.23715313
0.23507744
0.23616402
0.22931774
0.22802745
0.23295464
0.23724039
0.24217089
0.2503665
0.24217887
0.23511408
0.23907379
0.24968087
0.25460572
0.24803463
0.24517837
0.23214137
0.22008673
0.23072596
0.24702788
0.24264695
0.24006569
0.2286845
0.22247006
0.23771966
0.24544296
0.24352177
0.19215401
0.10408018
0.06746184
0.07017952
0.05012103
0.05172075
0.06369378
0.05222225
0.07633916
0.13055719
0.13955916
0.14223264
0.145424
0.13394578
0.15203424
0.16526243
0.17519948
0.18010931
0.1808434
0.18950928
0.18606412
0.18022253
0.16786031
0.17099449
0.18595333
0.19463314
0.19398937
0.18192868
0.19252449
0.18288854
0.17656727
0.18537369
0.19822381
0.19522673
0.18313944
0.19940057
0.20056924
0.18996936
0.19125455
0.19124778
0.20968583
0.21114431
0.19981232
0.2057357
0.19246501
0.19313332
0.20767692
0.21108304
0.2045469
0.20079266
0.20651429
0.19613248
0.19679466
0.20834452
0.1869053
0.1847755
0.21171521
0.21651928
0.20922872
0.18536502
0.17752234
0.20283265
0.20675812
0.18520911
0.20100965
0.22138965
0.21214549
0.19556584
0.17843048
0.18109112
0.18405622
0.19911996
0.20531532
0.19091876
0.19639776
0.2046752
0.2105284
0.21199741
0.19949371
0.19451033
0.19889532
0.18616061
0.18423347
0.21751651
0.21498905
0.20239429
0.19959249
0.20447032
0.22252665
0.23174413
0.20805651
0.19990221
0.21663392
0.19522847
0.19126912
0.20493214
0.20227185
0.21941696
0.2246961
0.200775
0.20169792
0.20382329
0.20319121
0.20853388
0.20917636
0.19629644
0.17003877
0.17589008
0.18964165
0.20424426
0.22112214
0.21488024
0.1920989
0.17622435
0.1931877
0.20997309
0.2051716
0.20461291
0.20374371
0.19952791
0.20055955
0.19864275
0.19775837
0.1907137
0.17353801
0.17988396
0.18923161
0.18496476
0.18883703
0.20004021
0.20584357
0.17607951
0.16124511
0.18795427
0.2048639
0.17623807
0.15739277
0.17472823
0.17546771
0.19568336
0.20140243
0.15830929
0.17558227
0.20714894
0.17893436
0.17001388
0.17278147
0.11080089
0.08562108
0.1009911
0.08955207
0.08357953
0.09123971
0.14705458
0.16276794
0.14153852
0.17089123
0.17745837
0.16663095
0.16872682
0.19276924
0.2103619
0.17996103
0.18301869
0.18715084
0.1825583
0.17598349
0.17558298
0.19654976
0.17900973
0.17600297
0.16705048
0.15944274
0.18389659
0.19746386
0.19787824
0.1785322
0.16604113
0.16803016
0.18790023
0.1939997
0.17376355
0.17040726
0.17526682
0.16726581
0.17065443
0.19036058
0.20399928
0.20330186
0.19159095
0.19289957
0.20649445
0.20853384
0.19503744
0.18778336
0.1829777
0.18682922
0.18006798
0.16616979
0.1845166
0.20019957
0.20244775
0.19968938
0.19356489
0.16710203
0.17247615
0.20768813
0.22104496
0.21470363
0.20234358
0.20241183
0.19746473
0.20294185
0.20658245
0.20093058
0.21104524
0.2100303
0.19402152
0.18391833
0.19175838
0.20534075
0.20310513
0.19661935
0.20465618
0.22556619
0.22087104
0.21248096
0.21021127
0.17761699
0.17144835
0.20271652
0.21998963
0.23776766
0.22473524
0.20351751
0.20746548
0.19248343
0.19924428
0.17767521
0.09226736
0.0689448
0.09479035
0.1058438
0.09174907
0.09101195
0.14046915
0.17795142
0.18061583
0.17883192
0.18324892
0.20944311
0.21058284
0.1920653
0.17001192
0.18086188
0.20789548
0.19985058
0.19527965
0.20635533
0.21633588
0.21007109
0.20917664
0.19077438
0.18462236
0.19592322
0.20266991
0.21496487
0.21286946
0.21212623
0.20863927
0.19021983
0.1974985
0.20423654
0.19331564
0.2013562
0.20416041
0.20235358
0.21161396
0.22139732
0.21770877
0.20500803
0.19995602
0.20278641
0.21406372
0.21760002
0.21534291
0.21530404
0.21866221
0.21341305
0.2139729
0.20886498
0.20259958
0.20749099
0.19850104
0.19406522
0.20814225
0.20290243
0.20410724
0.20968929
0.20509925
0.221942
0.2151534
0.21051633
0.22136128
0.21907891
0.21865744
0.21225939
0.19941887
0.18894807
0.19139972
0.1964329
0.21002336
0.20833601
0.19857632
0.20855923
0.21716551
0.21978549
0.19931615
0.19882309
0.22190959
0.20565465
0.19680192
0.20188778
0.19175167
0.20644364
0.21288983
0.22274286
0.23444719
0.21333996
0.19332975
0.20676791
0.21206728
0.19919358
0.19984191
0.19117247
0.20575353
0.22000624
0.20338015
0.17887349
0.16746493
0.18483547
0.19793915
0.19964394
0.20280799
0.1962948
0.18734956
0.20007415
0.20469242
0.19107229
0.20995745
0.21660402
0.2039666
0.20310627
0.20866365
0.2077295
0.19558807
0.20060477
0.18293505
0.19189036
0.2088156
0.20441664
0.19922514
0.19598521
0.20596497
0.21237572
0.20865759
0.19605391
0.20705525
0.20729863
0.194681
0.1809405
0.18136894
0.19972474
0.21241177
0.19136846
0.17118605
0.19542304
0.20610351
0.18208557
0.17940119
0.20509373
0.21311388
0.21283679
0.22029925
0.21412992
0.19405024
0.19261848
0.19971533
0.211708
0.21031345
0.20136166
0.21046353
0.19360448
0.19633223
0.20860222
0.20214736
0.20314618
0.19739089
0.21192238
0.22058293
0.21433887
0.21793141
0.21528222
0.22096961
0.20474972
0.19580581
0.20732678
0.21332839
0.19690618
0.15295324
0.13608383
0.10461769
0.10880579
0.12130532
0.10632272
0.10337521
0.13093632
0.17195085
0.1724697
0.18588757
0.18990053
0.16944997
0.18840005
0.20000342
0.18623042
0.19617527
0.21026168
0.19409753
0.17783316
0.17045625
0.16858683
0.20536277
0.21418614
0.2120558
0.22178826
0.20888816
0.22059634
0.20711005
0.1965189
0.211619
0.20978731
0.19810756
0.19994033
0.21725519
0.20196328
0.18233661
0.19587323
0.21796549
0.22059357
0.21396973
0.21202948
0.21795016
0.19827579
0.19912355
0.22067653
0.21946652
0.21723713
0.22038748
0.21900741
0.21393644
0.21683473
0.20745072
0.2225779
0.22599467
0.21092811
0.22480754
0.21501867
0.19784651
0.20419582
0.21674531
0.22198157
0.22267617
0.20169413
0.19813143
0.21557233
0.21893333
0.2156918
0.21214922
0.21569358
0.20872307
0.21216773
0.21133853
0.21644816
0.2221248
0.21984228
0.23098674
0.2295599
0.20807267
0.20395091
0.20650698
0.20890577
0.22402838
0.21026983
0.21121274
0.22914569
0.22727936
0.22389686
0.22792336
0.23638421
0.20713243
0.20143402
0.21744007
0.21268728
0.21770971
0.21609159
0.21331517
0.20849091
0.1996711
0.20489519
0.21795928
0.21416743
0.2013684
0.21379912
0.23026304
0.20083309
0.19551532
0.21543336
0.21590459
0.20667981
0.20347484
0.21752747
0.21990853
0.21767169
0.21655303
0.21675285
0.21122669
0.20847649
0.2291488
0.22117108
0.21568122
0.20756979
0.20216748
0.22133083
0.22017551
0.22210116
0.21410077
0.22311329
0.2258309
0.21152386
0.21029434
0.22404637
0.22561354
0.20862486
0.22526658
0.23403597
0.23312428
0.22764305
0.22097
0.22698374
0.22474289
0.23027002
0.23192958
0.2257102
0.20237126
0.15236309
0.10991127
0.086048
0.12333701
0.16188075
0.16896686
0.18488417
0.20775155
0.20652991
0.20617273
0.22031338
0.2056022
0.21331969
0.21691384
0.19758123
0.19183769
0.19353746
0.20589545
0.20483038
0.19165492
0.1970025
0.18687419
0.2011662
0.22698107
0.20844304
0.2112424
0.21525031
0.18306664
0.19754468
0.22640832
0.22162554
0.22363642
0.22119918
0.21428752
0.21475582
0.20963862
0.20752878
0.19696168
0.2052133
0.21481229
0.20412074
0.2108064
0.21018176
0.21253326
0.19983813
0.19245952
0.20370077
0.21468963
0.22130405
0.2117109
0.19180177
0.19887376
0.23009921
0.22140821
0.20414706
0.20187575
0.20943309
0.19791932
0.18857448
0.1957037
0.19784184
0.21314346
0.21220462
0.18965105
0.20236185
0.22034157
0.20839977
0.21396947
0.20887067
0.19970801
0.21581502
0.21988611
0.22140849
0.21029258
0.18685418
0.19640956
0.21361017
0.21951858
0.22728613
0.20921792
0.209019
0.21795696
0.19863103
0.20662149
0.21079605
0.20132292
0.21296494
0.21776196
0.21863297
0.2172047
0.20282324
0.20511445
0.22410674
0.23248194
0.2331283
0.21604359
0.19605341
0.20617907
0.20958284
0.22196483
0.23207386
0.20851809
0.16907186
0.1230948
0.08549594
0.07340219
0.0972605
0.09818836
0.0834993
0.13335474
0.20587643
0.21075276
0.19610791
0.20138011
0.20087724
0.19796564
0.18537532
0.1844213
0.20328059
0.19667181
0.19458373
0.20370198
0.20411187
0.21634979
0.20480942
0.19670377
0.20627822
0.20102389
0.19110713
0.18551845
0.19762089
0.20701537
0.21240971
0.21474739
0.20338543
0.19908027
0.2001966
0.207216
0.2105943
0.20629782
0.20500046
0.21978935
0.21981243
0.21015045
0.20962652
0.19408014
0.19794085
0.20371819
0.21049356
0.23155512
0.25028206
0.24900512
0.25827114
0.26909106
0.25229731
0.26060379
0.26885362
0.26928124
0.26957402
0.26185919
0.26747105
0.27884607
0.27016098
0.25874332
0.25897904
0.26013619
0.25342517
0.24966207
0.25081447
0.2581948
0.26080117
0.26494635
0.28777003
0.28298491
0.24842107
0.24531285
0.26283904
0.25727677
0.27108274
0.28805035
0.28186107
0.23154874
0.13049191
0.06605494
0.05487541
0.09978339
0.14060569
0.16809831
0.21957219
0.24707255
0.2452654
0.2442557
0.2427352
0.244817
0.25425436
0.24199616
0.21068478
0.20852528
0.21828788
0.21483461
0.2211433
0.21121057
0.20464569
0.20276294
0.19403416
0.20192434
0.19721046
0.19508022
0.22175837
0.22366489
0.20107817
0.19024498
0.18178266
0.18645239
0.20820526
0.18275883
0.17412737
0.20106578
0.20815082
0.20580227
0.17465727
0.17546116
0.18135525
0.17102387
0.1963969
0.21900974
0.21352325
0.19381125
0.20045345
0.21148999
0.20971565
0.21401579
0.20281522
0.20866309
0.20939538
0.19546889
0.18394464
0.18540141
0.20550226
0.21418959
0.22387463
0.2134059
0.20027745
0.21150965
0.21325045
0.20902007
0.21641836
0.20987655
0.2039084
0.20855797
0.19622356
0.18193507
0.1822069
0.19261524
0.21482588
0.22443337
0.21968464
0.23220172
0.2231481
0.20680002
0.2026308
0.19841042
0.18547173
0.1982766
0.21579472
0.20388206
0.20907126
0.20827867
0.212355
0.19341832
0.16402723
0.18559883
0.20879616
0.22461468
0.25509656
0.26599751
0.25600314
0.25351365
0.2611705
0.26760241
0.27443045
0.27542007
0.260057
0.2439652
0.25662071
0.27774711
0.27035553
0.26825942
0.27206903
0.2676764
0.25618944
0.25554605
0.25665023
0.25873196
0.25961468
0.24829079
0.25089888
0.26630514
0.26074495
0.24660995
0.26390556
0.27337673
0.26139003
0.25382988
0.25669821
0.25894524
0.25860804
0.25257879
0.25283657
0.26805214
0.25296141
0.20153857
0.15007606
0.11321926
0.11238814
0.13104668
0.1670212
0.21020294
0.2364281
0.25061447
0.25102117
0.241614
0.23056229
0.24256717
0.24714469
0.23894531
0.24374302
0.25338828
0.27178638
0.26312933
0.23334967
0.22930183
0.22863925
0.23023445
0.23868075
0.23265332
0.22734947
0.22287013
0.22529958
0.22031169
0.21821231
0.2159126
0.22193254
0.24004457
0.23805611
0.23103141
0.21812879
0.20543561
0.19202587
0.20136746
0.21774532
0.22646438
0.2314954
0.2281123
0.22384675
0.22108134
0.21953309
0.2143717
0.22403974
0.22269373
0.21477695
0.21060997
0.20944371
0.21211131
0.21188118
0.21180507
0.19801354
0.19560411
0.21092283
0.21604057
0.21085216
0.21549038
0.2229031
0.20191196
0.19695734
0.20550251
0.21430374
0.20752281
0.19503742
0.21222654
0.21644092
0.22958887
0.22727424
0.21017367
0.22357612
0.20234041
0.16725746
0.18284383
0.20305278
0.19500956
0.19751048
0.20577941
0.18860758
0.17630004
0.18313487
0.18613292
0.19109094
0.17912753
0.17229172
0.20140602
0.21557079
0.2048694
0.19748094
0.19383193
0.19090194
0.19399427
0.20180203
0.20410572
0.20346497
0.18790861
0.17662249
0.19439046
0.19469216
0.18892381
0.19677719
0.19252992
0.17691467
0.17038045
0.17044969
0.1756946
0.18759116
0.19832881
0.1675855
0.16534902
0.18568065
0.1835038
0.190417
0.17449165
0.19845741
0.22228933
0.20004143
0.19903165
0.20375656
0.21122426
0.21678523
0.20838797
0.18144416
0.18320214
0.21080094
0.21775622
0.21237019
0.19414426
0.19995066
0.21661747
0.2134225
0.20906022
0.21297096
0.19322453
0.18946418
0.21229501
0.21113791
0.21582252
0.21047898
0.19582447
0.1920616
0.19186487
0.18927961
0.20508696
0.21053832
0.18612673
0.19022342
0.20759447
0.20913082
0.20063863
0.19462786
0.20614848
0.21118598
0.21227248
0.21298654
0.19802851
0.19476459
0.19847312
0.19881729
0.17519553
0.19021397
0.20692506
0.19315466
0.21422834
0.21539521
0.20126625
0.2089448
0.20074416
0.1962302
0.20732813
0.19990965
0.19293848
0.19977038
0.21917326
0.21504643
0.19814308
0.20553497
0.21772851
0.22191821
0.20583471
0.20628572
0.21234551
0.20605332
0.19851726
0.18804707
0.20178164
0.21836643
0.22754446
0.22975725
0.21942817
0.21645655
0.21280716
0.21274863
0.203224
0.20083796
0.21564389
0.22244058
0.21940548
0.21208724
0.22387466
0.21170961
0.20300122
0.21045479
0.21624
0.20417128
0.20019097
0.2189156
0.2176776
0.20537279
0.20041816
0.20963928
0.22085463
0.22185703
0.21942416
0.22893236
0.21083725
0.19754988
0.21818838
0.2027806
0.14661955
0.12530627
0.15182416
0.18014905
0.18356449
0.19828007
0.21750158
0.21228216
0.21900862
0.20366432
0.20687558
0.21918949
0.2057877
0.20772775
0.2130495
0.20888537
0.20851114
0.20348902
0.20207401
0.22270656
0.22002106
0.20798505
0.21473543
0.19594138
0.19530905
0.2190466
0.19816178
0.18930208
0.19805781
0.20279825
0.21519399
0.22447487
0.19761181
0.17859925
0.19932506
0.19822011
0.18404709
0.14655949
0.12220101
0.102889
0.11016146
0.14542448
0.1663329
0.18422092
0.18702958
0.20148396
0.17598585
0.17821658
0.20583757
0.21721741
0.20720349
0.20047201
0.21372191
0.21284942
0.20078625
0.19747529
0.22882717
0.23399761
0.20670231
0.19735665
0.21250312
0.21692227
0.22876706
0.21316054
0.19988587
0.21417377
0.21010911
0.22042662
0.21886225
0.19629858
0.20219013
0.205753
0.20617131
0.22790366
0.22411794
0.21920851
0.23972226
0.22930153
0.21883965
0.23340441
0.21642502
0.20298693
0.21706381
0.21954093
0.21592061
0.21694502
0.2066323
0.21393057
0.22891394
0.22188202
0.20691689
0.20815694
0.21801476
0.2241823
0.23335944
0.23716797
0.22746233
0.2164714
0.21610101
0.22465836
0.23527385
0.21968655
0.21150837
0.22762572
0.22420402
0.22845955
0.224524
0.22345168
0.22811646
0.21686821
0.22654112
0.22220095
0.21929447
0.22798846
0.21497381
0.20650266
0.2130892
0.22030111
0.21492945
0.18326297
0.18538882
0.19489848
0.20020721
0.22105299
0.22607229
0.22243493
0.22447055
0.23616575
0.23958575
0.20025255
0.12524845
0.08882584
0.10752684
0.10484109
0.1162926
0.17968106
0.2110096
0.18928951
0.18806006
0.2176218
0.22541886
0.20774568
0.20075514
0.20792031
0.20246801
0.19612284
0.2209577
0.22295757
0.21000579
0.22150569
0.23477765
0.22554343
0.21061508
0.21599128
0.21348383
0.21131951
0.20880917
0.21501356
0.21003658
0.19979888
0.22291934
0.23483674
0.22660397
0.20978537
0.19746321
0.20428277
0.22170292
0.22738261
0.21835309
0.22703275
0.22733059
0.21968201
0.21815152
0.21853363
0.20622161
0.21197447
0.22997349
0.23390952
0.23722722
0.22836626
0.22692713
0.22995186
0.2329326
0.2264647
0.21877392
0.23041999
0.22967733
0.22217219
0.23292922
0.22588006
0.21900299
0.23795366
0.23055545
0.21209286
0.21373282
0.23028259
0.2341322
0.23197399
0.24993102
0.25367208
0.22912268
0.21779427
0.2297905
0.23472323
0.23141107
0.22755077
0.23128054
0.23759375
0.23374676
0.2342506
0.23635926
0.23846291
0.24281644
0.23652826
0.23197167
0.21805386
0.22632717
0.25344922
0.24852083
0.25003523
0.24466608
0.22386861
0.23261364
0.24089068
0.23694098
0.23755017
0.23229726
0.21892344
0.2185631
0.22988833
0.22975974
0.23777154
0.25838654
0.25193594
0.23009444
0.22963417
0.23947052
0.23202571
0.21906839
0.23198692
0.23837678
0.23801142
0.23042133
0.21842864
0.2190041
0.21074223
0.21620263
0.22834027
0.22149148
0.22010171
0.23686149
0.23730517
0.21904552
0.21145255
0.21917799
0.22536727
0.22969533
0.22716286
0.21420465
0.2145507
0.22281176
0.21457042
0.20709036
0.21882747
0.2278156
0.22758705
0.22095683
0.21474226
0.23718402
0.25681263
0.22917432
0.21925232
0.23064838
0.22571206
0.21729654
0.21907837
0.23083306
0.22188154
0.21150936
0.2301175
0.23333513
0.22255866
0.23214892
0.23544524
0.23011761
0.24300769
0.24203917
0.22263872
0.22383159
0.22714861
0.21775963
0.22793588
0.22355284
0.22469734
0.24791396
0.26209633
0.26409248
0.24924816
0.23934477
0.22900194
0.23400535
0.24877834
0.23900982
0.23520665
0.23519023
0.24552265
0.25081715
0.21871188
0.20957841
0.22454824
0.21932804
0.21914185
0.23161302
0.21243102
0.22395355
0.2434032
0.22109976
0.21180045
0.22840323
0.2450059
0.23350086
0.22784851
0.22468076
0.20720718
0.22259798
0.24197818
0.22953082
0.21761701
0.20883283
0.20931292
0.22274363
0.22632901
0.2174763
0.21248303
0.21570124
0.23583584
0.2246383
0.20333976
0.21852888
0.22050301
0.22151543
0.23047878
0.24003922
0.23327636
0.20252907
0.1609881
0.12686372
0.09942158
0.10836019
0.12113198
0.08797369
0.07992753
0.07240524
0.06614383
0.07980463
0.07643569
0.0862659
0.11364922
0.11580755
0.09537148
0.09367603
0.10250899
0.1050789
0.14442297
0.19361563
0.21645406
0.20563669
0.19161033
0.21023356
0.21890448
0.21241463
0.21366799
0.22480507
0.22779654
0.21391241
0.21842315
0.22392092
0.21513307
0.22244456
0.222098
0.22720126
0.2354584
0.22410859
0.23227058
0.22606446
0.19460836
0.19289861
0.19737739
0.207506
0.21609684
0.21470924
0.21131141
0.22105724
0.23155686
0.20209585
0.20645887
0.22300859
0.21026338
0.21374311
0.23384974
0.22209786
0.21089
0.23470623
0.23760732
0.22457921
0.21257662
0.22196244
0.22432099
0.21842961
0.21898276
0.21098372
0.21396435
0.22116379
0.21368231
0.22918292
0.2351102
0.22013534
0.22588574
0.2226616
0.20578577
0.20271815
0.21084568
0.2138962
0.21534146
0.20899595
0.19800825
0.19347545
0.19793239
0.21028436
0.20774563
0.20448817
0.22324738
0.22067671
0.20188405
0.20282394
0.20432597
0.21511177
0.22828821
0.2151371
0.20604851
0.20131706
0.21323899
0.22445986
0.21651321
0.19186989
0.20450311
0.23004289
0.21210586
0.2105836
0.21716362
0.20510717
0.19071541
0.17387647
0.1730818
0.201017
0.21318099
0.19684312
0.20705044
0.22139935
0.20565717
0.19628773
0.20328153
0.21110789
0.19469075
0.20551951
0.21687666
0.20850381
0.21153902
0.21063487
0.21312577
0.21563052
0.21060048
0.20975374
0.21392975
0.21445913
0.21257718
0.22179685
0.21132031
0.1972353
0.20517066
0.20052463
0.21751872
0.22341308
0.20776503
0.19527205
0.19165134
0.19271913
0.20539187
0.2187139
0.21004221
0.21430165
0.23278392
0.22325772
0.21153064
0.22467786
0.21673529
0.21377321
0.21600338
0.21033557
0.21685143
0.22048949
0.21605075
0.21154684
0.19995158
0.20166074
0.21239273
0.21699951
0.2201588
0.20651661
0.20322804
0.19796686
0.20952128
0.2229328
0.19295349
0.195212
0.20113063
0.19452327
0.19883122
0.20273753
0.21540669
0.2132262
0.22349595
0.23925409
0.21519058
0.19930455
0.20197442
0.19608121
0.20273841
0.1907121
0.15954362
0.14451895
0.10778329
0.07392803
0.07755734
0.08629513
0.1025801
0.10069101
0.08460143
0.09049856
0.08406316
0.07752108
0.08730997
0.07853146
0.07584454
0.07754779
0.07688424
0.09374313
0.10309739
0.12178811
0.13379736
0.14884099
0.18383158
0.21314829
0.20717493
0.19809847
0.20631103
0.19038739
0.17418152
0.18058209
0.19335085
0.19661797
0.20017695
0.22014655
0.20381921
0.15973492
0.17269445
0.19455336
0.18890832
0.18466066
0.20902461
0.20933335
0.20627061
0.20659906
0.18444861
0.19881327
0.22136208
0.19648649
0.18134463
0.19839348
0.18015431
0.18707363
0.22532345
0.21511194
0.20661663
0.22564553
0.22471901
0.19428872
0.18826186
0.20684958
0.20957401
0.20689272
0.2051195
0.21471456
0.20939555
0.20530786
0.21035665
0.20385528
0.20249703
0.20289314
0.20939533
0.22332316
0.21856747
0.21902555
0.22244613
0.23940828
0.23610205
0.20347169
0.19792897
0.1873292
0.19716981
0.22205738
0.20746348
0.18966205
0.1916607
0.20310299
0.22351476
0.21146297
0.20919064
0.22074558
0.20962137
0.2134058
0.21641281
0.20829607
0.20756226
0.20046049
0.2083781
0.21920334
0.20947716
0.18357058
0.18974131
0.20814217
0.20472799
0.19447746
0.19045734
0.19682304
0.19673121
0.20008747
0.1992082
0.19942004
0.19612494
0.18675925
0.19288518
0.21833663
0.23538111
0.22556058
0.19117549
0.18863202
0.21063116
0.20341211
0.18759224
0.18770322
0.18777844
0.19449604
0.19921373
0.1994494
0.20007882
0.21776391
0.20444413
0.18459687
0.20931266
0.21484288
0.2100059
0.20526153
0.19233092
0.19320785
0.21067542
0.22423542
0.22594215
0.21281855
0.21371767
0.23578366
0.22489059
0.2059248
0.21785732
0.21610066
0.21550974
0.22872408
0.21540563
0.20176107
0.22022958
0.2273215
0.22551699
0.2300455
0.22867377
0.23829708
0.23464033
0.22871131
0.24508826
0.24499347
0.23228664
0.22992566
0.22819812
0.23306562
0.2426466
0.21968791
0.21047145
0.2163563
0.21643
0.22217821
0.23108669
0.23799007
0.22356866
0.21841716
0.22670069
0.21268609
0.21089284
0.22571928
0.2207786
0.19412141
0.19370822
0.21947403
0.22574058
0.24229128
0.24158298
0.23444075
0.23776426
0.23330339
0.24112406
0.24607543
0.23145081
0.22814498
0.23397778
0.23047699
0.21492041
0.19217726
0.20555884
0.22270291
0.20976336
0.19584283
0.2168814
0.2350888
0.21820522
0.21434662
0.21058803
0.21751959
0.23414503
0.22642375
0.21510981
0.21385505
0.21807029
0.22633571
0.23412679
0.24499344
0.20908846
0.1911122
0.22468712
0.22638026
0.23810599
0.25637578
0.23388747
0.22027626
0.22327585
0.19965314
0.20739213
0.22187234
0.21471375
0.2221053
0.22104525
0.21067856
0.21653075
0.21432178
0.21453112
0.22018392
0.21451028
0.21893374
0.21887348
0.21912608
0.22550553
0.22812331
0.22198696
0.2175886
0.2023497
0.20269233
0.22549083
0.23581021
0.22698482
0.16260329
0.14681609
0.16575291
0.17507565
0.2008967
0.20360649
0.20994947
0.19277466
0.20044096
0.21008348
0.20475528
0.23000003
0.24116893
0.23684289
0.23218644
0.22904797
0.23239168
0.22689249
0.22303593
0.21845989
0.21356662
0.22246359
0.19669667
0.20642759
0.23574252
0.23316128
0.23792244
0.25444565
0.27392269
0.2444056
0.25129395
0.27894087
0.26011391
0.26672213
0.27048119
0.26885401
0.27034185
0.27688424
0.28692712
0.25496163
0.24228435
0.25911414
0.26262179
0.24987748
0.23253292
0.24518076
0.26101602
0.25173632
0.25663672
0.25175547
0.24898392
0.25465701
0.2555365
0.25915669
0.25175308
0.22265575
0.21386469
0.17124199
0.08911821
0.05775842
0.05934088
0.08901975
0.07634733
0.06828897
0.08427653
0.07190812
0.07098498
0.08096148
0.06731908
0.07267844
0.07146491
0.05955756
0.05090135
0.04475183
0.05516859
0.05536459
0.05769035
0.05149431
0.11060881
0.13092489
0.12767102
0.1646777
0.14859243
0.13466809
0.15422357
0.16892128
0.16865443
0.17791423
0.16554912
0.16189883
0.17323607
0.1798205
0.18682009
0.17274081
0.14970809
0.16402757
0.19384017
0.1793311
0.16229756
0.17503978
0.18034309
0.18166747
0.17644974
0.18136198
0.19001256
0.19730796
0.19669967
0.19420377
0.20307384
0.19820426
0.17711822
0.17396596
0.19931151
0.20468651
0.20099606
0.17897337
0.17901504
0.18847277
0.20429766
0.23235702
0.21305424
0.20426586
0.20834575
0.18628311
0.18475597
0.19617893
0.20112878
0.21268757
0.21354624
0.21334396
0.21116972
0.19323555
0.19986796
0.21854407
0.20040855
0.18450989
0.19096446
0.21122852
0.2212109
0.20099237
0.18977976
0.20180594
0.1962744
0.18467871
0.19305661
0.20263308
0.20457399
0.20771695
0.2121553
0.21945052
0.22069804
0.21849469
0.23043376
0.23281713
0.22281605
0.19276713
0.18907473
0.21868636
0.22342907
0.22976378
0.23482209
0.22573325
0.22568834
0.20796125
0.20245621
0.20867998
0.19841356
0.205193
0.20451304
0.19688022
0.19095735
0.186712
0.19461187
0.21033974
0.21076403
0.20195663
0.20195698
0.19917758
0.19143619
0.18591893
0.20307842
0.2195289
0.21370339
0.21399264
0.19745694
0.20278541
0.20020671
0.18073824
0.18791024
0.20251769
0.22307647
0.20942957
0.21215545
0.21346003
0.20707004
0.20768124
0.20959517
0.22343492
0.21366525
0.21542334
0.22264324
0.21820921
0.21054825
0.20231171
0.17276872
0.17772034
0.18701987
0.18296741
0.20785742
0.21339321
0.19480407
0.2093607
0.22642229
0.21267382
0.19860271
0.19877018
0.20756174
0.20404615
0.21529411
0.21728327
0.18591012
0.19282982
0.2231111
0.21339124
0.21494344
0.2089767
0.21038425
0.20198008
0.1922353
0.21346974
0.21122033
0.2083687
0.19832373
0.20510325
0.2158432
0.20453393
0.21479117
0.22076657
0.2236223
0.20768457
0.19088498
0.21105768
0.22426454
0.21638128
0.18879692
0.18528535
0.2132692
0.22101835
0.21820741
0.20812809
0.20138289
0.19105562
0.19542766
0.21222931
0.21775754
0.19433337
0.19040597
0.20309455
0.19177059
0.20699523
0.22092885
0.20856496
0.20321238
0.21300463
0.22350668
0.2165499
0.19073718
0.1837139
0.19644475
0.20902543
0.21106629
0.22397811
0.21289707
0.20612735
0.23020795
0.22300095
0.21984549
0.20427418
0.18809959
0.20386976
0.20656923
0.20613811
0.21440441
0.21452453
0.21202633
0.21468625
0.22722098
0.21085832
0.20064337
0.21276526
0.21413013
0.21736619
0.20942951
0.19132366
0.18308762
0.19378309
0.21515421
0.20264377
0.1983268
0.20049622
0.19303612
0.21506341
0.22644697
0.21160194
0.20151671
0.21681517
0.21743467
0.19008067
0.18437828
0.20253005
0.20576168
0.22638355
0.21656926
0.21399384
0.22421318
0.20882127
0.20607961
0.1861288
0.18304633
0.20104417
0.21674069
0.22589098
0.21234153
0.20303705
0.2072827
0.21621022
0.23719238
0.24256596
0.23859536
0.23818641
0.21976953
0.21391042
0.22557711
0.22273405
0.21692088
0.22951515
0.23495673
0.2206168
0.2072256
0.19561097
0.17040963
0.16813899
0.18170132
0.18878042
0.20806755
0.21178299
0.22134569
0.21649112
0.19000419
0.20080567
0.21697982
0.20602873
0.20011169
0.19581308
0.20366958
0.21956843
0.2159224
0.21891622
0.22926274
0.22944031
0.21605669
0.2157113
0.21387701
0.2090929
0.22968186
0.23145086
0.21815087
0.2171328
0.21801588
0.20019842
0.1982893
0.21242706
0.20522424
0.20954041
0.20971007
0.20928011
0.21758797
0.21474861
0.2101546
0.20747288
0.21973031
0.22187497
0.20778703
0.20817162
0.21152098
0.21316001
0.21632606
0.21549794
0.19989283
0.20800592
0.2229608
0.22389219
0.22605699
0.21613276
0.2113857
0.21715329
0.24155899
0.23193338
0.21709722
0.20948157
0.20781708
0.23869104
0.23840382
0.23333595
0.23249332
0.22229852
0.21580984
0.2165758
0.22416318
0.20715579
0.19755704
0.20431962
0.2021549
0.20198074
0.20620716
0.22092567
0.19919537
0.18851665
0.21304096
0.23352663
0.22448907
0.20541895
0.21118395
0.20301873
0.18730069
0.2000351
0.2203383
0.21548529
0.21915037
0.22117321
0.19820193
0.18787786
0.20554966
0.21164587
0.1981446
0.19245589
0.1869283
0.19643648
0.21770656
0.23144674
0.2287686
0.21143472
0.22227941
0.23589024
0.22844083
0.23196391
0.23449412
0.23532552
0.22267889
0.20212382
0.22240009
0.22696481
0.21883031
0.23089636
0.21705379
0.21536732
0.23090992
0.22626054
0.21262056
0.21419066
0.20385218
0.21185376
0.22742961
0.2140703
0.22971108
0.21792221
0.21466587
0.21774058
0.21221467
0.22568254
0.23160585
0.23770003
0.22516707
0.21932287
0.22496176
0.22542929
0.21066241
0.20463194
0.22028314
0.22974204
0.23024773
0.22750969
0.230603
0.23353807
0.23201337
0.22432538
0.22698135
0.21975469
0.20187072
0.20533662
0.21135099
0.22327351
0.21994228
0.21817736
0.22239727
0.21907452
0.2293644
0.23042495
0.22271139
0.22194461
0.2218115
0.22415093
0.22449265
0.24131979
0.23325712
0.2116581
0.22807871
0.21366322
0.19613025
0.20442125
0.20940621
0.21552574
0.20430292
0.19609259
0.20651199
0.20175012
0.19556244
0.19644591
0.2229444
0.22983239
0.20645864
0.20735191
0.20401428
0.17629374
0.17153919
0.19142589
0.20275714
0.20563955
0.19694671
0.19321944
0.18147105
0.14829332
0.15253724
0.18284441
0.17861883
0.16447128
0.16267318
0.19030637
0.19364595
0.17200203
0.19752027
0.20452191
0.2015694
0.21522418
0.19455661
0.19405009
0.18701994
0.18328795
0.20910143
0.21071345
0.21322424
0.19580931
0.17725006
0.18812365
0.19955732
0.20185898
0.18523282
0.18232672
0.20642588
0.20767324
0.20461332
0.22469562
0.21966814
0.20695521
0.21477718
0.2019014
0.19472676
0.19994796
0.20301412
0.20650116
0.20425729
0.20519504
0.22456865
0.22810805
0.21009503
0.19880047
0.18441859
0.1351649
0.10431028
0.12980592
0.13193375
0.12006175
0.14710403
0.19160647
0.19435673
0.1717409
0.17078732
0.16472761
0.1814159
0.20648367
0.2024434
0.20047369
0.2068085
0.20315238
0.20121206
0.19414751
0.20065207
0.21436369
0.20859918
0.21659742
0.21587456
0.21708702
0.19778496
0.19111709
0.21685584
0.21467654
0.21181121
0.22213907
0.21483613
0.21749016
0.23659307
0.25946717
0.26050705
0.26589731
0.2801596
0.26710104
0.27099618
0.27462102
0.27534971
0.27267486
0.25206834
0.25428008
0.27086192
0.27020864
0.25738704
0.27636719
0.27829045
0.25011726
0.26424886
0.28644662
0.27387949
0.27746034
0.28603656
0.26432652
0.25040804
0.25183165
0.26719812
0.28504165
0.27443815
0.27327564
0.26667233
0.25344391
0.25955001
0.25585218
0.25536259
0.23904752
0.16843668
0.09850829
0.11030468
0.14783933
0.14978722
0.15351045
0.15384261
0.17173366
0.20366178
0.18685993
0.19252753
0.20625161
0.20509024
0.18358836
0.17642784
0.19903123
0.19655094
0.19944075
0.19663122
0.19452807
0.18592624
0.19615069
0.21624188
0.21717693
0.19568375
0.17800679
0.17155466
0.17054387
0.16120624
0.17098058
0.19290772
0.18803319
0.20703307
0.20402554
0.19846576
0.21021509
0.22217845
0.21001176
0.18054519
0.19727755
0.22266686
0.22281405
0.20899968
0.20186418
0.18878754
0.18294583
0.21384598
0.24477672
0.25884258
0.25412253
0.24408337
0.25497247
0.25996546
0.25033057
0.24626275
0.25441804
0.26702285
0.25811546
0.25024345
0.19349984
0.10032058
0.06369821
0.08117761
0.08717857
0.07855712
0.08378362
0.08950912
0.11888793
0.18559321
0.21276579
0.22208402
0.24349589
0.24022057
0.22267717
0.22267246
0.24256297
0.23989269
0.2438189
0.24136725
0.24257706
0.25605636
0.25091064
0.24268606
0.24601014
0.24699112
0.25266762
0.23886033
0.23078134
0.24347682
0.24483072
0.24582419
0.24527336
0.24016272
0.23558926
0.23831413
0.24436802
0.25680542
0.24148954
0.20303932
0.19629441
0.21528927
0.21661009
0.19441819
0.20070734
0.22859002
0.22886795
0.22464493
0.21735704
0.20907028
0.21580682
0.23151793
0.23430955
0.23909757
0.23771924
0.22008003
0.21475572
0.21729304
0.21763355
0.21819169
0.21401598
0.20413022
0.19994482
0.19707209
0.19435348
0.20553589
0.21398748
0.20852945
0.20286364
0.2142506
0.20667049
0.19296039
0.18314781
0.16308782
0.19160684
0.20125533
0.20157766
0.22529211
0.21523038
0.21451146
0.21611684
0.21206923
0.21167101
0.20955852
0.22274302
0.22671833
0.21390236
0.20486376
0.20946504
0.22656997
0.2254533
0.20590609
0.21495952
0.22435161
0.21770564
0.21864287
0.22435918
0.22096159
0.2147665
0.21505077
0.21773848
0.22768119
0.22700265
0.23925444
0.24042289
0.19601287
0.19724224
0.22814431
0.21692579
0.22550709
0.24292793
0.23118537
0.2167898
0.21330906
0.22266155
0.23575595
0.23365719
0.21832228
0.21814142
0.21145555
0.21277247
0.20847056
0.1967177
0.13770708
0.08054176
0.06975689
0.10806935
0.20451054
0.25038594
0.24079047
0.23834463
0.25189092
0.25315669
0.25568805
0.261194
0.25312759
0.25057787
0.25555784
0.24591599
0.23001163
0.24595523
0.25635031
0.23047508
0.24016853
0.25943832
0.25805628
0.24739465
0.24887915
0.24233056
0.23206471
0.23485208
0.23086917
0.2329605
0.24092432
0.23504513
0.2284469
0.2384504
0.2416692
0.23625747
0.22519253
0.23790003
0.24591289
0.21580511
0.21489221
0.21695319
0.18760836
0.18680591
0.20874545
0.22151964
0.24037248
0.25037388
0.23160032
0.22105342
0.21869219
0.22904155
0.22804794
0.2079186
0.20376756
0.20498944
0.19005919
0.19454907
0.21584018
0.21745471
0.2076573
0.19410989
0.2030164
0.20848727
0.19510295
0.19513766
0.2005843
0.21288518
0.19324714
0.16692456
0.19369202
0.21549626
0.22765514
0.23048646
0.22870689
0.20706789
0.18871813
0.20912451
0.20715314
0.2013477
0.19970073
0.20439376
0.21145182
0.21694643
0.20795985
0.16678232
0.10830074
0.06735979
0.08988737
0.11568091
0.18010675
0.23617563
0.22779804
0.22989887
0.22789292
0.2287847
0.23119835
0.23528213
0.2510942
0.2448254
0.24410076
0.23587503
0.22201191
0.24427729
0.25581025
0.24267377
0.22448677
0.21317713
0.22734132
0.23226568
0.21538176
0.22561499
0.23728889
0.23480871
0.23029706
0.2282456
0.21731653
0.20771924
0.22375669
0.21216302
0.20779388
0.21610384
0.18940382
0.18513441
0.19539267
0.20593587
0.22153352
0.21116008
0.20479317
0.20485895
0.21179657
0.21431304
0.20450612
0.2099311
0.21935892
0.20795138
0.19926031
0.20717209
0.2084036
0.20499386
0.20219683
0.19780291
0.19975634
0.21021074
0.21824133
0.21932341
0.22204963
0.20193542
0.19863206
0.20301711
0.17738096
0.18280786
0.20295271
0.21411643
0.20015826
0.21018236
0.22330243
0.21371198
0.21449804
0.22006035
0.20616504
0.18394316
0.18804019
0.20900845
0.2209676
0.20270232
0.19869999
0.20654851
0.21572859
0.22785547
0.22289612
0.21150387
0.21065323
0.22136427
0.22689027
0.21760064
0.20520186
0.19355183
0.21362167
0.23114734
0.22058032
0.22091836
0.21966754
0.21655236
0.21140109
0.21235071
0.22035571
0.21367882
0.19167786
0.19665666
0.21368351
0.22029635
0.21753611
0.19409719
0.1942558
0.22447038
0.23016782
0.23376548
0.24249198
0.2407184
0.24305075
0.23914961
0.22339974
0.21894523
0.22146906
0.22203952
0.22803815
0.22019107
0.22049368
0.23204101
0.23321358
0.23548182
0.22963971
0.20880451
0.20570997
0.20546627
0.21290282
0.22540949
0.22368245
0.22009388
0.2152877
0.21384052
0.22213976
0.2412178
0.24511079
0.22679116
0.2137059
0.22028815
0.23348969
0.24070564
0.22732723
0.22565591
0.22895624
0.22207855
0.22323932
0.22008695
0.21732335
0.22863631
0.24334912
0.22681506
0.23150198
0.22851355
0.22048937
0.21490538
0.21398921
0.22357147
0.23045195
0.2301998
0.2136818
0.21539288
0.20474844
0.21291653
0.22166283
0.20764974
0.1748452
0.14223231
0.11861333
0.11796962
0.13358115
0.16274652
0.19459196
0.19861377
0.19607774
0.18998953
0.19510551
0.20643618
0.22281915
0.22536381
0.21467779
0.21938108
0.22374579
0.21206556
0.21823769
0.22117897
0.20373828
0.21584975
0.225351
0.20641306
0.19338635
0.22024248
0.22675199
0.20927954
0.22187315
0.22033009
0.21186641
0.22443661
0.23564778
0.22476515
0.21563757
0.21617464
0.21907961
0.21845598
0.20937883
0.21699265
0.22011149
0.21664514
0.22529102
0.22489876
0.22602978
0.2306153
0.22304549
0.2023678
0.20920599
0.21112921
0.21013914
0.20772976
0.21299399
0.2325751
0.21976117
0.22273417
0.23129829
0.21725939
0.21220989
0.20130701
0.20226718
0.22169603
0.2347119
0.22332569
0.21130027
0.22958862
0.23009934
0.21119016
0.20878084
0.21516653
0.22461721
0.23457893
0.2316044
0.22161883
0.21073661
0.21245351
0.21885851
0.20271577
0.20772645
0.2266095
0.21232808
0.20414457
0.21031182
0.20455259
0.20433619
0.22119475
0.21709304
0.22889414
0.24326177
0.22273855
0.20856343
0.21605147
0.21724009
0.23173044
0.23291621
0.22753106
0.23407376
0.2071047
0.20182147
0.21079667
0.2101041
0.22133605
0.231023
0.22062754
0.22257593
0.2337332
0.22973459
0.22846108
0.22193557
0.22481407
0.23202404
0.23425397
0.23027738
0.20903722
0.20755094
0.2116469
0.19530152
0.19230312
0.191368
0.18805859
0.20315492
0.21426057
0.20512768
0.19153175
0.20275215
0.22165383
0.20948163
0.21277003
0.22055541
0.22336627
0.21491611
0.19159704
0.18552501
0.19169956
0.20436113
0.20078933
0.20330123
0.20250233
0.19931045
0.20839733
0.21654217
0.21365355
0.21303987
0.22558189
0.2146329
0.22539542
0.23426437
0.21702559
0.20430275
0.20285506
0.21269153
0.17747598
0.12250609
0.09512297
0.10167266
0.12272854
0.12180181
0.14749688
0.17105924
0.1867422
0.2150326
0.21248435
0.20414526
0.21362235
0.22671598
0.2253495
0.22201426
0.20562038
0.21175615
0.22861054
0.2286137
0.2242535
0.21170607
0.21148978
0.21156307
0.21855727
0.22412159
0.21735669
0.22146528
0.20038874
0.20072141
0.20444578
0.19979069
0.22648774
0.23594187
0.24265965
0.23052795
0.22129437
0.212317
0.19793438
0.20975329
0.20510454
0.19729417
0.20904901
0.1864154
0.19510632
0.2245095
0.19509718
0.19339881
0.22620229
0.21153914
0.21668285
0.23228495
0.21504115
0.2187496
0.21813866
0.21773136
0.23051918
0.23727532
0.22877696
0.20137754
0.20183092
0.22036345
0.21576023
0.22436151
0.20746053
0.20357687
0.21446083
0.21969344
0.23576619
0.23602293
0.22670789
0.22155854
0.21465799
0.22026926
0.25049894
0.23442978
0.21296434
0.21191025
0.22528999
0.23910902
0.22634179
0.22484044
0.22290502
0.23014362
0.23912628
0.22480794
0.21259347
0.21447628
0.23443865
0.24217743
0.2447913
0.24985949
0.23770977
0.23907043
0.23383345
0.22335115
0.219045
0.23606131
0.23867128
0.22822501
0.2429236
0.23194176
0.23443781
0.23274363
0.21930569
0.23617489
0.24202673
0.24536951
0.24352996
0.23340089
0.23292789
0.22038847
0.21968651
0.24034929
0.24344119
0.23907934
0.23337138
0.22715154
0.22604932
0.21858915
0.20312919
0.21578602
0.2433416
0.24572071
0.24050988
0.2366544
0.22611187
0.21787948
0.21954411
0.22425754
0.2213228
0.22521716
0.23465969
0.2236946
0.2210673
0.23185274
0.23893442
0.22203178
0.22300022
0.24727379
0.2217541
0.22461744
0.2507396
0.22026297
0.19419022
0.16871011
0.10601076
0.08273419
0.09640953
0.09921543
0.13316931
0.1582841
0.16940579
0.19335128
0.20603875
0.20318468
0.20809012
0.20758739
0.2002087
0.18876067
0.18754969
0.2174668
0.208429
0.20022494
0.2039676
0.20416807
0.22547542
0.21923384
0.2046606
0.20482617
0.21530474
0.22754336
0.23473234
0.2262154
0.20922166
0.20013123
0.21937515
0.23067622
0.21984935
0.21879858
0.20985456
0.21787926
0.23288193
0.22015329
0.21977407
0.23158326
0.22666775
0.23744403
0.22709933
0.22539774
0.23444835
0.23103052
0.23517563
0.24191174
0.23994434
0.22700491
0.23342722
0.247521
0.25035388
0.22995885
0.22297361
0.2071001
0.20717196
0.22929671
0.22831368
0.21964084
0.22501115
0.20639713
0.2065903
0.23339899
0.22291199
0.23076264
0.22257576
0.218175
0.22957539
0.21332178
0.20761911
0.22673311
0.21463018
0.21440319
0.23859451
0.23354923
0.20857762
0.20577166
0.21960296
0.21456028
0.21823143
0.22095468
0.19953628
0.20459503
0.21173889
0.20201541
0.21001598
0.2087273
0.21026085
0.22109069
0.21952128
0.22615873
0.22627635
0.22172142
0.23374931
0.2381646
0.24517613
0.24351738
0.24022509
0.23552376
0.22974708
0.2257385
0.22526536
0.23652889
0.22679008
0.22241236
0.23215671
0.23681924
0.21502044
0.2105137
0.2298059
0.2346169
0.2288825
0.21172616
0.23124417
0.2455901
0.22012047
0.21261031
0.22192334
0.21781168
0.22143273
0.23367216
0.21031268
0.2113815
0.21486663
0.20898927
0.22955454
0.2135531
0.21633887
0.22585637
0.21307379
0.22241627
0.22763261
0.23253656
0.22490731
0.21935682
0.22571279
0.20644287
0.21196093
0.22628162
0.23395829
0.22457754
0.20596001
0.21682756
0.20314168
0.17425559
0.14444339
0.112301
0.10686451
0.09668581
0.10405237
0.13914647
0.15576024
0.1782286
0.18331761
0.16340728
0.18751957
0.18904488
0.16537917
0.17913676
0.18981469
0.17523912
0.1842304
0.21675172
0.20871206
0.177002
0.17397129
0.17601479
0.18069593
0.16809457
0.17014234
0.20116828
0.19241554
0.19220458
0.20694453
0.21938814
0.21667049
0.19324909
0.20353867
0.22496125
0.22747263
0.2225134
0.21347873
0.21307564
0.21248443
0.21582215
0.22155872
0.21936354
0.20133707
0.19806464
0.19793701
0.19413097
0.19157489
0.20319022
0.2187308
0.20787834
0.20445078
0.2210947
0.23293412
0.21383742
0.21192881
0.22533934
0.21961526
0.2098779
0.2140437
0.21663423
0.22817818
0.21398982
0.19873808
0.2230413
0.22154983
0.21134933
0.20656778
0.21530234
0.22515391
0.21415825
0.1992614
0.18036077
0.18424415
0.196516
0.21375921
0.19836864
0.18376679
0.19561998
0.20128988
0.21421292
0.21364737
0.21014408
0.2020216
0.20099116
0.20942287
0.22447247
0.21230618
0.2161309
0.22436524
0.21370406
0.21512922
0.21037468
0.20841411
0.21029356
0.20998438
0.21049069
0.21306246
0.2271115
0.23254898
0.22434128
0.22126773
0.22198605
0.2193233
0.21109027
0.21804449
0.20468606
0.19142929
0.20117115
0.20822614
0.20860287
0.20184245
0.2131656
0.21218828
0.20446646
0.19669166
0.18711932
0.18760541
0.19502104
0.19981541
0.19698024
0.20888333
0.19054959
0.19149908
0.19724158
0.19296723
0.22002806
0.22616075
0.21808413
0.2098033
0.1793389
0.13388449
0.13689619
0.13768706
0.11421833
0.14206169
0.19116941
0.18869713
0.17838972
0.20317702
0.20838083
0.20767343
0.21293093
0.2145022
0.22501166
0.20207429
0.20348275
0.22868966
0.21298575
0.21231762
0.22268217
0.21110151
0.1989439
0.21602566
0.22950011
0.22898378
0.23606357
0.23353838
0.23029693
0.21263296
0.2031968
0.21479019
0.20960276
0.21879228
0.22147408
0.22596898
0.22784348
0.2316158
0.23120479
0.21805652
0.22424328
0.21879589
0.22365137
0.21657035
0.20050579
0.20846447
0.21164511
0.20010802
0.20809214
0.22596059
0.22000612
0.21310249
0.22430199
0.22202508
0.21032432
0.22296069
0.2217647
0.21257575
0.21426733
0.20080113
0.20805641
0.21994776
0.22243439
0.24175962
0.24521034
0.22954053
0.23149773
0.23229611
0.22390897
0.21890673
0.20656628
0.20379487
0.22292509
0.23129405
0.23175665
0.22169023
0.20427717
0.21918518
0.22308132
0.21110705
0.21277913
0.22140079
0.23275375
0.23302186
0.23042507
0.23748877
0.22434819
0.21447486
0.22413721
0.22493199
0.22060886
0.2143273
0.21148064
0.22424516
0.22685278
0.22628703
0.22574708
0.22375784
0.23692619
0.24177951
0.22597152
0.21019864
0.21872282
0.23091887
0.21529995
0.21738058
0.22886968
0.21678236
0.21590552
0.22714768
0.22340219
0.21717304
0.21528983
0.21973966
0.23216475
0.23253334
0.22920405
0.21295098
0.21810729
0.24374901
0.23260387
0.2224962
0.24111495
0.23777251
0.22913544
0.23702829
0.22959903
0.22173624
0.22379191
0.22504876
0.22435643
0.23257194
0.22699711
0.22021475
0.23808213
0.24397068
0.23422639
0.22251705
0.23101231
0.2332383
0.23102524
0.23311793
0.2301841
0.24249214
0.23516034
0.23003263
0.23285624
0.229058
0.21850857
0.20452765
0.21668159
0.22226666
0.22155851
0.21231384
0.21187034
0.23141826
0.22692429
0.21217863
0.21959122
0.24636714
0.25003793
0.24407805
0.24814244
0.2507412
0.23283188
0.2142448
0.19784335
0.14288654
0.12018518
0.13327867
0.17682218
0.2208833
0.22560728
0.21632397
0.22005669
0.23651178
0.24338914
0.23738157
0.21815972
0.22177441
0.23043929
0.22512478
0.21974204
0.22542217
0.23605779
0.23294277
0.23988646
0.25697965
0.23544406
0.22335907
0.22985257
0.22711694
0.22664089
0.22806115
0.2179221
0.21720163
0.23155814
0.2367707
0.23972133
0.22324437
0.21553384
0.22481027
0.23056342
0.23369156
0.22131618
0.22786333
0.24550887
0.2234416
0.2146703
0.21471642
0.20919897
0.22982266
0.24025396
0.2394277
0.2484423
0.25869047
0.24606784
0.23548549
0.23428768
0.22543054
0.22187469
0.2260607
0.22418743
0.22674151
0.24097872
0.23645865
0.23481347
0.23356215
0.23621348
0.23559869
0.22302192
0.23958122
0.23569356
0.22760242
0.21809694
0.20445346
0.22109193
0.22677578
0.2154386
0.1849549
0.19488548
0.21696765
0.20534324
0.19912518
0.20244901
0.2072563
0.21831735
0.22045957
0.21365843
0.22383758
0.21359245
0.20033141
0.20634092
0.21751176
0.22725602
0.23023143
0.22583456
0.21845193
0.21240327
0.20333358
0.20795137
0.22394203
0.23081812
0.21036692
0.213482
0.23140651
0.23460405
0.24719571
0.23641091
0.22291696
0.23142565
0.23663079
0.24513929
0.24403656
0.23369066
0.19977081
0.20989494
0.25439411
0.23040057
0.21572959
0.23553049
0.23308078
0.21995025
0.21765704
0.22213355
0.20979229
0.19973993
0.2060695
0.21079637
0.22829775
0.22018108
0.21096089
0.22158459
0.2317189
0.22873829
0.21976363
0.21402345
0.21594726
0.21825853
0.21678977
0.21518219
0.19769131
0.20171251
0.2171917
0.20445344
0.20775489
0.23666946
0.24610604
0.2329392
0.23390919
0.24023713
0.22870915
0.23924435
0.24653059
0.24334879
0.24640658
0.245939
0.24378696
0.24538685
0.24245154
0.24018594
0.25242273
0.24879127
0.23726876
0.23271471
0.23847489
0.23550473
0.22265432
0.21464116
0.21258476
0.22456727
0.22906899
0.23420124
0.2373557
0.23013898
0.23980448
0.25459514
0.25651523
0.25282798
0.25166779
0.24254161
0.23738132
0.2437441
0.24450765
0.24141972
0.24559416
0.24440364
0.24022868
0.24791025
0.24722898
0.25737614
0.25432782
0.22509522
0.24211473
0.26323616
0.26594449
0.27769735
0.27557904
0.27830021
0.2925617
None
0.31378021
0.31002772
None
None
None
None
0.29546056
None
0.31578658
None
0.30799862
None
None
0.29101092
None
0.29274873
0.2967178
0.2977766
None
None
0.28272596
None
None
None
0.30239326
None
0.31914391
0.29703355
0.28196309
0.22657284
None
None
None
None
0.20082701
0.23914175
None
0.2674631
0.28736878
None
0.27984281
None
None
0.27692181
None
0.28296527
0.27580656
None
0.28421618
None
0.29104204
0.28017171
None
0.21852368
None
None
0.12195228
None
None
0.1224148
0.19468882
0.24314189
None
None
0.26976792
0.27487645
0.27306582
0.28525685
0.28432558
None
None
None
None
0.19289534
None
0.16241332
None
0.24881866
None
0.27895262
None
0.26381119
0.26319031
None
0.30418412
0.2993139
0.27156147
0.28785529
0.28379862
0.28558606
None
None
0.30557569
None
0.2984796
0.29671232
0.29782253
0.29053559
0.30117313
0.30672939
0.30829198
0.29671255
0.28162671
None
None
0.28338749
0.29021789
None
0.28719887
None
0.27027407
None
None
0.26466326
None
0.25200287
0.18097907
0.10086397
None
0.12073725
0.15224058
0.18112126
0.22017424
0.21613172
0.19800952
0.19931597
0.18829109
0.17890142
0.18827535
0.19406839
0.2152651
0.21375708
0.21665537
0.22619847
0.21895675
0.22342736
0.20860796
0.20878244
0.23140927
0.21855835
0.18157953
0.17273856
0.20524208
0.20574754
0.20346856
0.21187006
0.20114229
0.2000019
0.2224409
0.2465098
0.22648383
0.20414343
0.23729761
0.24361709
0.18985741
0.19453838
0.21749662
0.210433
0.19830186
0.19598825
0.21779193
0.20231336
0.18936338
0.19828675
0.19597329
0.20236222
0.20317738
0.20683864
0.20959256
0.20634543
0.20300137
0.19745309
0.20979081
0.21823614
0.20221828
0.20928698
0.21691732
0.20505762
0.2136054
0.23579438
0.22805225
0.20412204
0.21186256
0.20401572
0.20377308
0.23291963
0.19795544
0.16162906
0.19941424
0.22836581
0.21274728
0.20742336
0.20258071
0.17649316
0.19816058
0.23048253
0.22048218
0.21751684
0.21102829
0.2123973
0.21448105
0.19800635
0.2174186
0.23094269
0.20618901
0.19714244
